["port 1",""]
["port 2",""]
("port 1","mode 1",1,"port 1",1,"transmission")
(300, 3)
1.7634850470588234e+14 3.1821120086001592e-03 8.6723635017002965e-01
1.7647488920519378e+14 3.2556705100734895e-03 8.7724944319053710e-01
1.7660127370450522e+14 3.3348837174189331e-03 8.9003064647564145e-01
1.7672765820381662e+14 3.4179187124240718e-03 9.0582766116681390e-01
1.7685404270312806e+14 3.5027017978734539e-03 9.2472737647480141e-01
1.7698042720243950e+14 3.5870352959645074e-03 9.4667103475546621e-01
1.7710681170175094e+14 3.6687077613695757e-03 9.7147668012637389e-01
1.7723319620106234e+14 3.7455922721326166e-03 9.9886397295490092e-01
1.7735958070037378e+14 3.8157305702845126e-03 1.0284778502330361e+00
1.7748596519968522e+14 3.8774029593419304e-03 1.0599090339365682e+00
1.7761234969899666e+14 3.9291850368987783e-03 1.0927106595202591e+00
1.7773873419830806e+14 3.9699927612950213e-03 1.1264111887350003e+00
1.7786511869761950e+14 3.9991172745379895e-03 1.1605243166808457e+00
1.7799150319693094e+14 4.0162505331143919e-03 1.1945568783098954e+00
1.7811788769624238e+14 4.0215022635119065e-03 1.2280159034985916e+00
1.7824427219555381e+14 4.0154081247391841e-03 1.2604160335442161e+00
1.7837065669486522e+14 3.9989282506985267e-03 1.2912885274187020e+00
1.7849704119417666e+14 3.9734345764648408e-03 1.3201930416194692e+00
1.7862342569348809e+14 3.9406845671882094e-03 1.3467332060585773e+00
1.7874981019279953e+14 3.9027782772956547e-03 1.3705766404355335e+00
1.7887619469211094e+14 3.8620952924253000e-03 1.3914793350744850e+00
1.7900257919142238e+14 3.8212084043266737e-03 1.4093131512866077e+00
1.7912896369073381e+14 3.7827723031810339e-03 1.4240935830167636e+00
1.7925534819004525e+14 3.7493885737008895e-03 1.4360031038896699e+00
1.7938173268935666e+14 3.7234529683887545e-03 1.4454039798849940e+00
1.7950811718866809e+14 3.7069967368783142e-03 1.4528342258015852e+00
1.7963450168797953e+14 3.7015392205617084e-03 1.4589822528416212e+00
1.7976088618729097e+14 3.7079717733677566e-03 1.4646398977001120e+00
1.7988727068660241e+14 3.7264913122608207e-03 1.4706390021239371e+00
1.8001365518591381e+14 3.7565948279840908e-03 1.4777815322979819e+00
1.8014003968522525e+14 3.7971356019241187e-03 1.4867752703036559e+00
1.8026642418453669e+14 3.8464310308364666e-03 1.4981854036779125e+00
1.8039280868384812e+14 3.9024043341029345e-03 1.5124077000360985e+00
1.8051919318315953e+14 3.9627399035546147e-03 1.5296634458031677e+00
1.8064557768247097e+14 4.0250343259926038e-03 1.5500120061943718e+00
1.8077196218178241e+14 4.0869302671802535e-03 1.5733747793081709e+00
1.8089834668109384e+14 4.1462262262294183e-03 1.5995643551580194e+00
1.8102473118040525e+14 4.2009600468909209e-03 1.6283140505492828e+00
1.8115111567971669e+14 4.2494673253276492e-03 1.6593047863497261e+00
1.8127750017902812e+14 4.2904175275514473e-03 1.6921878910894921e+00
1.8140388467833956e+14 4.3228311304202771e-03 1.7266035806276552e+00
1.8153026917765100e+14 4.3460809032826453e-03 1.7621955519942374e+00
1.8165665367696241e+14 4.3598799412120255e-03 1.7986224351949855e+00
1.8178303817627384e+14 4.3642585055945343e-03 1.8355668926297339e+00
1.8190942267558528e+14 4.3595312724441452e-03 1.8727430465616095e+00
1.8203580717489672e+14 4.3462563060383047e-03 1.9099027242058477e+00
1.8216219167420812e+14 4.3251869923329979e-03 1.9468407841165014e+00
1.8228857617351956e+14 4.2972182819466459e-03 1.9833995564270122e+00
1.8241496067283100e+14 4.2633288861828366e-03 2.0194722168853270e+00
1.8254134517214244e+14 4.2245214975269244e-03 2.0550047445541826e+00
1.8266772967145384e+14 4.1817635991049859e-03 2.0899960128182560e+00
1.8279411417076528e+14 4.1359318867028091e-03 2.1244955602367575e+00
1.8292049867007672e+14 4.0877636310776219e-03 2.1585987010967980e+00
1.8304688316938816e+14 4.0378183322842195e-03 2.1924388661749941e+00
1.8317326766869959e+14 3.9864526630586381e-03 2.2261773857952991e+00
1.8329965216801100e+14 3.9338109266725090e-03 2.2599912847800794e+00
1.8342603666732244e+14 3.8798321146662177e-03 2.2940599785699129e+00
1.8355242116663388e+14 3.8242732779029329e-03 2.3285519692144145e+00
1.8367880566594531e+14 3.7667475215336656e-03 2.3636126917592675e+00
1.8380519016525672e+14 3.7067737123460611e-03 2.3993545505951848e+00
1.8393157466456816e+14 3.6438341153069583e-03 2.4358499513474774e+00
1.8405795916387959e+14 3.5774357380039734e-03 2.4731278479596681e+00
1.8418434366319103e+14 3.5071711423074036e-03 2.5111740660834028e+00
1.8431072816250244e+14 3.4327747874412723e-03 2.5499354966953875e+00
1.8443711266181388e+14 3.3541714600789740e-03 2.5893282109433740e+00
1.8456349716112531e+14 3.2715138907584143e-03 2.6292496243728438e+00
1.8468988166043675e+14 3.1852071550487575e-03 2.6695949954887115e+00
1.8481626615974819e+14 3.0959178828218344e-03 2.7102787057524145e+00
1.8494265065905959e+14 3.0045667030052041e-03 2.7512608283930291e+00
1.8506903515837103e+14 2.9123028840900280e-03 2.7925793132354824e+00
1.8519541965768247e+14 2.8204610414227986e-03 2.8343875371274216e+00
1.8532180415699391e+14 2.7305013990384886e-03 2.8769958588235065e+00
1.8544818865630531e+14 2.6439377516714667e-03 2.9209141409248280e+00
1.8557457315561675e+14 2.5622611562792648e-03 2.9668901441365358e+00
1.8570095765492819e+14 2.4868722804970412e-03 3.0159367446542165e+00
1.8582734215423962e+14 2.4190403781628989e-03 3.0693397802205147e+00
1.8595372665355103e+14 2.3599104131562794e-03 3.1286385622168926e+00
1.8608011115286247e+14 2.3105797373883692e-03 3.1955725495999263e+00
1.8620649565217391e+14 2.2722597917484160e-03 3.2719891356554660e+00
1.8633288015148534e+14 2.2465249324539246e-03 3.3597072399369896e+00
1.8645926465079675e+14 2.2356287383585708e-03 3.4603293083392184e+00
1.8658564915010819e+14 2.2428378550836321e-03 3.5749949496708293e+00
1.8671203364941962e+14 2.2726973153247071e-03 3.7040836716322891e+00
1.8683841814873106e+14 2.3311112007949383e-03 3.8469143321799564e+00
1.8696480264804250e+14 2.4251262000442642e-03 4.0015509524383948e+00
1.8709118714735391e+14 2.5623780118783882e-03 4.1648641416031911e+00
1.8721757164666534e+14 2.7503032664673447e-03 4.3329402210266643e+00
1.8734395614597678e+14 2.9953568443686681e-03 4.5017564968352417e+00
1.8747034064528822e+14 3.3024892334881225e-03 4.6678678299250258e+00
1.8759672514459962e+14 3.6749993792823846e-03 4.8288410178871359e+00
1.8772310964391106e+14 4.1146946954577482e-03 4.9833397527154730e+00
1.8784949414322250e+14 4.6221942313661541e-03 5.1309460923769539e+00
1.8797587864253394e+14 5.1972300130545216e-03 5.2718746613637579e+00
1.8810226314184538e+14 5.8388726224387778e-03 5.4067007031122731e+00
1.8822864764115678e+14 6.5456680850713806e-03 5.5361563519561816e+00
1.8835503214046822e+14 7.3157035488485324e-03 5.6610008436008226e+00
1.8848141663977966e+14 8.1466262108586991e-03 5.7819489570611777e+00
1.8860780113909109e+14 9.0356360795538181e-03 5.8996382584496310e+00
1.8873418563840250e+14 9.9794667263551212e-03 6.0146193360056941e+00
1.8886057013771394e+14 1.0974362682735416e-02 6.1273582561532089e+00
1.8898695463702538e+14 1.2016058374878400e-02 6.2382446495615369e+00
1.8911333913633681e+14 1.3099761217689188e-02 6.3476017105940183e+00
1.8923972363564822e+14 1.4220140251496554e-02 6.4556961788241436e+00
1.8936610813495966e+14 1.5371321103210484e-02 6.5627474058801445e+00
1.8949249263427109e+14 1.6546887815506235e-02 6.6689351762155598e+00
1.8961887713358253e+14 1.7739892042000140e-02 6.7744062400793057e+00
1.8974526163289394e+14 1.8942870150757754e-02 6.8792796519968649e+00
1.8987164613220538e+14 2.0147868852287032e-02 6.9836510602468218e+00
1.8999803063151681e+14 2.1346480034975513e-02 7.0875961028121397e+00
1.9012441513082825e+14 2.2529885526796883e-02 7.1911730555465327e+00
1.9025079963013969e+14 2.3688912490617119e-02 7.2944248606584079e+00
1.9037718412945109e+14 2.4814100088301351e-02 7.3973806441080860e+00
1.9050356862876253e+14 2.5895777906289382e-02 7.5000568118601034e+00
1.9062995312807397e+14 2.6924156414564856e-02 7.6024577982252506e+00
1.9075633762738541e+14 2.7889429428519904e-02 7.7045765249336711e+00
1.9088272212669681e+14 2.8781888159697136e-02 7.8063946168463341e+00
1.9100910662600825e+14 2.9592045984272859e-02 7.9078824088828901e+00
1.9113549112531969e+14 3.0310772542114756e-02 8.0089987682804136e+00
1.9126187562463112e+14 3.0929435227773267e-02 8.1096907461345360e+00
1.9138826012394256e+14 3.1440045580122984e-02 8.2098930617169508e+00
1.9151464462325397e+14 3.1835407560742733e-02 8.3095274117408930e+00
1.9164102912256541e+14 3.2109264279114730e-02 8.4085015838963137e+00
1.9176741362187684e+14 3.2256439427653931e-02 8.5067083389569085e+00
1.9189379812118828e+14 3.2272969581543992e-02 8.6040240077655845e+00
1.9202018262049969e+14 3.2156223644834760e-02 8.7003067275377362e+00
1.9214656711981112e+14 3.1905006122357339e-02 8.7953942150675211e+00
1.9227295161912256e+14 3.1519641592448716e-02 8.8891009412343767e+00
1.9239933611843400e+14 3.1002038759160345e-02 8.9812145300749666e+00
1.9252572061774541e+14 3.0355733772738810e-02 9.0714911548125361e+00
1.9265210511705684e+14 2.9585914112495768e-02 9.1596496409685386e+00
1.9277848961636828e+14 2.8699426213392148e-02 9.2453639122816167e+00
1.9290487411567972e+14 2.7704772179138925e-02 9.3282533307623208e+00
1.9303125861499112e+14 2.6612103365435104e-02 9.4078703968504431e+00
1.9315764311430256e+14 2.5433221350216403e-02 9.4836852138805341e+00
1.9328402761361400e+14 2.4181599824648185e-02 9.5550661402098171e+00
1.9341041211292544e+14 2.2872444114513713e-02 9.6212562765293956e+00
1.9353679661223688e+14 2.1522807903862892e-02 9.6813461200054789e+00
1.9366318111154828e+14 2.0151787939688984e-02 9.7342443598527062e+00
1.9378956561085972e+14 1.8780813754573591e-02 9.7786523081090273e+00
1.9391595011017116e+14 1.7434033467815087e-02 9.8130543776999133e+00
1.9404233460948259e+14 1.6138754042827573e-02 9.8357493741186310e+00
1.9416871910879400e+14 1.4925800455866441e-02 9.8449663543827128e+00
1.9429510360810544e+14 1.3829483527491091e-02 9.8391298403181686e+00
1.9442148810741688e+14 1.2886610854564776e-02 9.8173404955571115e+00
1.9454787260672831e+14 1.2133766227549714e-02 9.7800676842569949e+00
1.9467425710603975e+14 1.1602301380171078e-02 9.7298525930315343e+00
1.9480064160535116e+14 1.1311637173694860e-02 9.6715559179641897e+00
1.9492702610466259e+14 1.1263366045122144e-02 9.6116715564593065e+00
1.9505341060397403e+14 1.1439533736046878e-02 9.5567796069410953e+00
1.9517979510328547e+14 1.1806531900269335e-02 9.5119499542105235e+00
1.9530617960259688e+14 1.2322539754935167e-02 9.4799538962246022e+00
1.9543256410190831e+14 1.2944853210924106e-02 9.4614381176405900e+00
1.9555894860121975e+14 1.3634767720241541e-02 9.4556068161957771e+00
1.9568533310053119e+14 1.4359764139155250e-02 9.4609278471154763e+00
1.9581171759984259e+14 1.5093818528251219e-02 9.4756374619312513e+00
1.9593810209915403e+14 1.5816789032444694e-02 9.4980244904355793e+00
1.9606448659846547e+14 1.6513499287936110e-02 9.5265580999999475e+00
1.9619087109777691e+14 1.7172830137445264e-02 9.5599255239608905e+00
1.9631725559708831e+14 1.7786937392539656e-02 9.5970256814896118e+00
1.9644364009639975e+14 1.8350617772752788e-02 9.6369450492490056e+00
1.9657002459571119e+14 1.8860806928859674e-02 9.6789291495763408e+00
1.9669640909502262e+14 1.9316182847305786e-02 9.7223556568913452e+00
1.9682279359433406e+14 1.9716848642207047e-02 9.7667113433639923e+00
1.9694917809364547e+14 2.0064073124545022e-02 9.8115732985322719e+00
1.9707556259295691e+14 2.0360072439460607e-02 9.8565940952455477e+00
1.9720194709226834e+14 2.0607820393496810e-02 9.9014903043948159e+00
1.9732833159157978e+14 2.0810878623797199e-02 9.9460337107602435e+00
1.9745471609089119e+14 2.0973240569590101e-02 9.9900446194753023e+00
1.9758110059020262e+14 2.1099185448292514e-02 1.0033386707005715e+01
1.9770748508951406e+14 2.1193140257195830e-02 1.0075962938131717e+01
1.9783386958882550e+14 2.1259549317210791e-02 1.0117712134658756e+01
1.9796025408813694e+14 2.1302752100307340e-02 1.0158605843714753e+01
1.9808663858744834e+14 2.1326871047609892e-02 1.0198645217517846e+01
1.9821302308675978e+14 2.1335711769862424e-02 1.0237857686180282e+01
1.9833940758607122e+14 2.1332678388777254e-02 1.0276293282201879e+01
1.9846579208538266e+14 2.1320706791036165e-02 1.0314020558466229e+01
1.9859217658469406e+14 2.1302218209496765e-02 1.0351122126202821e+01
1.9871856108400550e+14 2.1279094836959209e-02 1.0387689918243113e+01
1.9884494558331694e+14 2.1252678177296123e-02 1.0423820347527254e+01
1.9897133008262838e+14 2.1223789650154430e-02 1.0459609573427347e+01
1.9909771458193978e+14 2.1192771720931078e-02 1.0495149103972425e+01
1.9922409908125122e+14 2.1159546669533961e-02 1.0530521949413842e+01
1.9935048358056266e+14 2.1123689167431781e-02 1.0565799505123024e+01
1.9947686807987409e+14 2.1084508196085785e-02 1.0601039286572302e+01
1.9960325257918550e+14 2.1041133556497303e-02 1.0636283575209962e+01
1.9972963707849694e+14 2.0992602285930979e-02 1.0671558970591132e+01
1.9985602157780838e+14 2.0937940667806281e-02 1.0706876788732668e+01
1.9998240607711981e+14 2.0876238121613225e-02 1.0742234204168284e+01
2.0010879057643125e+14 2.0806710007955521e-02 1.0777616005390566e+01
2.0023517507574266e+14 2.0728747199977023e-02 1.0812996819437767e+01
2.0036155957505409e+14 2.0641951091807869e-02 1.0848343658664245e+01
2.0048794407436553e+14 2.0546153491664648e-02 1.0883618647742464e+01
2.0061432857367697e+14 2.0441421555722983e-02 1.0918781798254123e+01
2.0074071307298838e+14 2.0328048548251130e-02 1.0953793709096601e+01
2.0086709757229981e+14 2.0206531763079995e-02 1.0988618081695806e+01
2.0099348207161125e+14 2.0077539415381436e-02 1.1023223949159817e+01
2.0111986657092269e+14 1.9941868713133831e-02 1.1057587528545760e+01
2.0124625107023412e+14 1.9800397642579848e-02 1.1091693616623342e+01
2.0137263556954553e+14 1.9654033242243293e-02 1.1125536463524718e+01
2.0149902006885697e+14 1.9503659280504997e-02 1.1159120076992867e+01
2.0162540456816841e+14 1.9350086272422993e-02 1.1192457933506931e+01
2.0175178906747984e+14 1.9194006653703723e-02 1.1225572101363673e+01
2.0187817356679125e+14 1.9035957659488720e-02 1.1258491813570380e+01
2.0200455806610269e+14 1.8876294030718360e-02 1.1291251562741939e+01
2.0213094256541412e+14 1.8715172103621024e-02 1.1323888822704873e+01
2.0225732706472556e+14 1.8552546159013240e-02 1.1356441528484423e+01
2.0238371156403697e+14 1.8388177162303183e-02 1.1388945464331684e+01
2.0251009606334841e+14 1.8221653269974363e-02 1.1421431716050366e+01
2.0263648056265984e+14 1.8052420773167474e-02 1.1453924338226857e+01
2.0276286506197128e+14 1.7879823549690175e-02 1.1486438369916431e+01
2.0288924956128269e+14 1.7703148644669944e-02 1.1518978306317157e+01
2.0301563406059412e+14 1.7521675322567785e-02 1.1551537102431274e+01
2.0314201855990556e+14 1.7334724834393800e-02 1.1584095751487213e+01
2.0326840305921700e+14 1.7141708211617208e-02 1.1616623449447188e+01
2.0339478755852844e+14 1.6942169606388092e-02 1.1649078329753385e+01
2.0352117205783984e+14 1.6735823013470302e-02 1.1681408730902255e+01
2.0364755655715128e+14 1.6522580597641660e-02 1.1713554943479240e+01
2.0377394105646272e+14 1.6302571281205002e-02 1.1745451371862696e+01
2.0390032555577416e+14 1.6076148695894042e-02 1.1777029037162007e+01
2.0402671005508556e+14 1.5843888056955784e-02 1.1808218339965203e+01
2.0415309455439700e+14 1.5606571968132232e-02 1.1838951992289861e+01
2.0427947905370844e+14 1.5365165613321168e-02 1.1869168016438428e+01
2.0440586355301988e+14 1.5120782236381929e-02 1.1898812693959462e+01
2.0453224805233131e+14 1.4874640255196697e-02 1.1927843331628390e+01
2.0465863255164272e+14 1.4628013794708225e-02 1.1956230695682027e+01
2.0478501705095416e+14 1.4382178843188976e-02 1.1983960954255316e+01
2.0491140155026559e+14 1.4138357609077078e-02 1.2011036965850955e+01
2.0503778604957703e+14 1.3897663946947355e-02 1.2037478763633585e+01
2.0516417054888844e+14 1.3661052882652052e-02 1.2063323115474867e+01
2.0529055504819988e+14 1.3429277252300519e-02 1.2088622089753560e+01
2.0541693954751131e+14 1.3202854237097033e-02 1.2113440625349714e+01
2.0554332404682275e+14 1.2982044105323644e-02 1.2137853185396683e+01
2.0566970854613416e+14 1.2766842773370366e-02 1.2161939658665101e+01
2.0579609304544559e+14 1.2556988913821711e-02 1.2185780748144373e+01
2.0592247754475703e+14 1.2351985348452806e-02 1.2209453141618207e+01
2.0604886204406847e+14 1.2151133467954977e-02 1.2233024784663087e+01
2.0617524654337988e+14 1.1953578526582295e-02 1.2256550568475522e+01
2.0630163104269131e+14 1.1758362961699190e-02 1.2280068705192056e+01
2.0642801554200275e+14 1.1564484450219780e-02 1.2303597999502090e+01
2.0655440004131419e+14 1.1370955259702779e-02 1.2327136148486133e+01
2.0668078454062562e+14 1.1176859565394597e-02 1.2350659123967263e+01
2.0680716903993703e+14 1.0981405737426722e-02 1.2374121623500342e+01
2.0693355353924847e+14 1.0783971086693874e-02 1.2397458524385753e+01
2.0705993803855991e+14 1.0584137122929577e-02 1.2420587242053283e+01
2.0718632253787134e+14 1.0381713960699640e-02 1.2443410878137431e+01
2.0731270703718275e+14 1.0176753063175031e-02 1.2465822039591695e+01
2.0743909153649419e+14 9.9695480141506494e-03 1.2487707211579696e+01
2.0756547603580562e+14 9.7606234509001778e-03 1.2508951566346182e+01
2.0769186053511706e+14 9.5507126845079220e-03 1.2529444081386041e+01
2.0781824503442850e+14 9.3407249023913022e-03 1.2549082818325683e+01
2.0794462953373991e+14 9.1317032140005982e-03 1.2567780177252450e+01
2.0807101403305134e+14 8.9247751865680278e-03 1.2585467891869319e+01
2.0819739853236278e+14 8.7210979324212085e-03 1.2602101475594113e+01
2.0832378303167422e+14 8.5218002421282007e-03 1.2617663779278583e+01
2.0845016753098562e+14 8.3279246737027017e-03 1.2632167293553270e+01
2.0857655203029706e+14 8.1403728451347676e-03 1.2645654840592940e+01
2.0870293652960850e+14 7.9598573534942433e-03 1.2658198366797391e+01
2.0882932102891994e+14 7.7868636693103942e-03 1.2669895676898735e+01
2.0895570552823134e+14 7.6216249572665460e-03 1.2680865135857978e+01
2.0908209002754278e+14 7.4641120222548518e-03 1.2691238586070156e+01
2.0920847452685422e+14 7.3140395061774945e-03 1.2701152948540992e+01
2.0933485902616566e+14 7.1708881702114710e-03 1.2710741155851604e+01
2.0946124352547706e+14 7.0339417503122925e-03 1.2720123164685083e+01
2.0958762802478850e+14 6.9023356586211592e-03 1.2729397795117869e+01
2.0971401252409994e+14 6.7751138878674178e-03 1.2738636044470994e+01
2.0984039702341138e+14 6.6512899705424219e-03 1.2747876349025903e+01
2.0996678152272281e+14 6.5299077787459294e-03 1.2757122055855143e+01
2.1009316602203422e+14 6.4100982754908579e-03 1.2766341160546389e+01
2.1021955052134566e+14 6.2911289369347052e-03 1.2775468197671787e+01
2.1034593502065709e+14 6.1724433280229331e-03 1.2784408057092369e+01
2.1047231951996853e+14 6.0536891099961243e-03 1.2793041441505130e+01
2.1059870401927994e+14 5.9347334977066625e-03 1.2801231666210633e+01
2.1072508851859138e+14 5.8156658208201690e-03 1.2808832509911008e+01
2.1085147301790281e+14 5.6967873701496237e-03 1.2815696832082855e+01
2.1097785751721425e+14 5.5785891559919564e-03 1.2821685657539945e+01
2.1110424201652569e+14 5.4617186168272863e-03 1.2826677378819760e+01
2.1123062651583709e+14 5.3469367456986825e-03 1.2830576639168093e+01
2.1135701101514853e+14 5.2350675887437572e-03 1.2833322344178306e+01
2.1148339551445997e+14 5.1269426281058249e-03 1.2834894135071176e+01
2.1160978001377138e+14 5.0233431586181789e-03 1.2835316582088524e+01
2.1173616451308281e+14 4.9249443236363813e-03 1.2834660371443370e+01
2.1186254901239425e+14 4.8322648590888523e-03 1.2833039907652157e+01
2.1198893351170569e+14 4.7456266546256100e-03 1.2830607055807292e+01
2.1211531801101712e+14 4.6651278397106880e-03 1.2827541186116170e+01
2.1224170251032856e+14 4.5906321772255258e-03 1.2824036188344328e+01
2.1236808700963997e+14 4.5217761480834985e-03 1.2820285591592457e+01
2.1249447150895141e+14 4.4579934151057383e-03 1.2816467241906688e+01
2.1262085600826284e+14 4.3985546362041916e-03 1.2812729074063006e+01
2.1274724050757425e+14 4.3426191473109384e-03 1.2809177344624619e+01
2.1287362500688569e+14 4.2892940861748823e-03 1.2805868321293747e+01
2.1300000950619712e+14 4.2376961818532790e-03 1.2802803949867512e+01
2.1312639400550856e+14 4.1870116542815717e-03 1.2799931559375890e+01
2.1325277850482000e+14 4.1365503051821887e-03 1.2797147308863895e+01
2.1337916300413141e+14 4.0857907364673244e-03 1.2794302870203012e+01
2.1350554750344284e+14 4.0344145164404113e-03 1.2791214775297298e+01
2.1363193200275428e+14 3.9823278928322941e-03 1.2787675891042436e+01
2.1375831650206572e+14 3.9296702621293015e-03 1.2783468560197717e+01
2.1388470100137712e+14 3.8768090560855734e-03 1.2778378997401166e+01
2.1401108550068856e+14 3.8243210621963820e-03 1.2772212503795618e+01
2.1413747000000000e+14 3.7729605569662952e-03 1.2764808928234226e+01
("port 1","mode 1",1,"port 2",1,"transmission")
(300, 3)
1.7634850470588234e+14 3.6177816714609921e-02 1.7265883485990539e+00
1.7647488920519378e+14 3.6127445275013506e-02 1.8107970337000099e+00
1.7660127370450522e+14 3.6189361450919180e-02 1.8904657670979330e+00
1.7672765820381662e+14 3.6399408090556494e-02 1.9668388780004686e+00
1.7685404270312806e+14 3.6778320667001388e-02 2.0413288658197093e+00
1.7698042720243950e+14 3.7331631801378121e-02 2.1153221573086340e+00
1.7710681170175094e+14 3.8051849959654653e-02 2.1900059078727643e+00
1.7723319620106234e+14 3.8922265038081875e-02 2.2662580125573095e+00
1.7735958070037378e+14 3.9921384876896046e-02 2.3446164252112451e+00
1.7748596519968522e+14 4.1027030125806066e-02 2.4253164173023656e+00
1.7761234969899666e+14 4.2219412478371528e-02 2.5083686647755381e+00
1.7773873419830806e+14 4.3482904402062011e-02 2.5936495181689820e+00
1.7786511869761950e+14 4.4806530757253327e-02 2.6809821380571339e+00
1.7799150319693094e+14 4.6183418474384126e-02 2.7701967971471677e+00
1.7811788769624238e+14 4.7609539008123238e-02 2.8611666576366397e+00
1.7824427219555381e+14 4.9082100283667503e-02 2.9538206665030766e+00
1.7837065669486522e+14 5.0597916373327959e-02 3.0481382577307792e+00
1.7849704119417666e+14 5.2152020614859074e-02 3.1441319516883750e+00
1.7862342569348809e+14 5.3736703319029341e-02 3.2418241310753046e+00
1.7874981019279953e+14 5.5341061597081034e-02 3.3412235119759188e+00
1.7887619469211094e+14 5.6951060962962242e-02 3.4423053877589460e+00
1.7900257919142238e+14 5.8550039605120077e-02 3.5449979673776775e+00
1.7912896369073381e+14 6.0119544441837182e-02 3.6491754599748853e+00
1.7925534819004525e+14 6.1640373717696352e-02 3.7546572906588018e+00
1.7938173268935666e+14 6.3093708229820647e-02 3.8612121110598658e+00
1.7950811718866809e+14 6.4462233617054776e-02 3.9685650608023826e+00
1.7963450168797953e+14 6.5731181176588535e-02 4.0764068995476084e+00
1.7976088618729097e+14 6.6889238366824144e-02 4.1844039914583515e+00
1.7988727068660241e+14 6.7929299161839096e-02 4.2922085406339061e+00
1.8001365518591381e+14 6.8849037436421331e-02 4.3994688526628041e+00
1.8014003968522525e+14 6.9651293494483763e-02 4.5058396822825291e+00
1.8026642418453669e+14 7.0344265361851233e-02 4.6109928933774169e+00
1.8039280868384812e+14 7.0941493934650601e-02 4.7146286871463285e+00
1.8051919318315953e+14 7.1461626869980227e-02 4.8164875319048353e+00
1.8064557768247097e+14 7.1927943671519709e-02 4.9163626469962249e+00
1.8077196218178241e+14 7.2367627912534066e-02 5.0141124716069214e+00
1.8089834668109384e+14 7.2810785782898804e-02 5.1096720493524224e+00
1.8102473118040525e+14 7.3289235073750056e-02 5.2030618015783086e+00
1.8115111567971669e+14 7.3835123650010229e-02 5.2943919167437343e+00
1.8127750017902812e+14 7.4479475073520165e-02 5.3838607285649687e+00
1.8140388467833956e+14 7.5250790808402412e-02 5.4717461024967529e+00
1.8153026917765100e+14 7.6173851265500317e-02 5.5583899563912551e+00
1.8165665367696241e+14 7.7268842552176586e-02 5.6441773676841578e+00
1.8178303817627384e+14 7.8550890355302896e-02 5.7295128768145114e+00
1.8190942267558528e+14 8.0030014921407530e-02 5.8147971884586394e+00
1.8203580717489672e+14 8.1711447883892785e-02 5.9004072735937081e+00
1.8216219167420812e+14 8.3596191854176535e-02 5.9866819445764072e+00
1.8228857617351956e+14 8.5681672482472077e-02 6.0739136289107902e+00
1.8241496067283100e+14 8.7962336568116348e-02 6.1623457349676114e+00
1.8254134517214244e+14 9.0430085343015262e-02 6.2521740499697787e+00
1.8266772967145384e+14 9.3074488370006384e-02 6.3435502204437828e+00
1.8279411417076528e+14 9.5882786328553044e-02 6.4365855202465321e+00
1.8292049867007672e+14 9.8839746627776393e-02 6.5313536494263920e+00
1.8304688316938816e+14 1.0192747396874190e-01 6.6278920083388675e+00
1.8317326766869959e+14 1.0512529309410235e-01 6.7262015514521076e+00
1.8329965216801100e+14 1.0840981240170273e-01 6.8262458021823313e+00
1.8342603666732244e+14 1.1175524854707618e-01 6.9279498406274236e+00
1.8355242116663388e+14 1.1513405032191350e-01 7.0312000688516161e+00
1.8367880566594531e+14 1.1851781311959228e-01 7.1358453721514001e+00
1.8380519016525672e+14 1.2187843126188580e-01 7.2417000108797396e+00
1.8393157466456816e+14 1.2518940115664057e-01 7.3485482752263893e+00
1.8405795916387959e+14 1.2842716836393750e-01 7.4561506758327880e+00
1.8418434366319103e+14 1.3157240825205629e-01 7.5642512626011502e+00
1.8431072816250244e+14 1.3461114234928664e-01 7.6725855755652672e+00
1.8443711266181388e+14 1.3753561750905929e-01 7.7808887302472964e+00
1.8456349716112531e+14 1.4034490743694372e-01 7.8889032086282072e+00
1.8468988166043675e+14 1.4304522990677682e-01 7.9963860422693536e+00
1.8481626615974819e+14 1.4565000236782308e-01 8.1031152105060453e+00
1.8494265065905959e+14 1.4817967928695605e-01 8.2088952094663519e+00
1.8506903515837103e+14 1.5066142424182424e-01 8.3135618561985183e+00
1.8519541965768247e+14 1.5312866842768580e-01 8.4169864611381406e+00
1.8532180415699391e+14 1.5562059658777758e-01 8.5190795222206201e+00
1.8544818865630531e+14 1.5818158428654980e-01 8.6197940616002207e+00
1.8557457315561675e+14 1.6086059031368682e-01 8.7191286430045309e+00
1.8570095765492819e+14 1.6371048838628718e-01 8.8171299818553166e+00
1.8582734215423962e+14 1.6678730675155645e-01 8.9138949066189852e+00
1.8595372665355103e+14 1.7014933619992340e-01 9.0095712736529627e+00
1.8608011115286247e+14 1.7385606934584250e-01 9.1043573157917912e+00
1.8620649565217391e+14 1.7796694864655249e-01 9.1984988622734640e+00
1.8633288015148534e+14 1.8253992720773460e-01 9.2922839482689028e+00
1.8645926465079675e+14 1.8762988164784483e-01 9.3860345620543058e+00
1.8658564915010819e+14 1.9328695361665019e-01 9.4800956456548242e+00
1.8671203364941962e+14 1.9955492725854065e-01 9.5748219112467083e+00
1.8683841814873106e+14 2.0646976539949005e-01 9.6705634596487773e+00
1.8696480264804250e+14 2.1405842205529638e-01 9.7676514739226761e+00
1.8709118714735391e+14 2.2233802297766053e-01 9.8663853227373117e+00
1.8721757164666534e+14 2.3131546519407609e-01 9.9670222199782454e+00
1.8734395614597678e+14 2.4098744060238031e-01 1.0069770198759773e+01
1.8747034064528822e+14 2.5134084781503990e-01 1.0174784674092646e+01
1.8759672514459962e+14 2.6235352769824388e-01 1.0282168407822420e+01
1.8772310964391106e+14 2.7399524351592242e-01 1.0391974344061779e+01
1.8784949414322250e+14 2.8622882372166270e-01 1.0504210594543721e+01
1.8797587864253394e+14 2.9901138921751635e-01 1.0618846811934979e+01
1.8810226314184538e+14 3.1229559259515000e-01 1.0735821253222772e+01
1.8822864764115678e+14 3.2603080219898101e-01 1.0855047953706757e+01
1.8835503214046822e+14 3.4016416958126550e-01 1.0976423563273315e+01
1.8848141663977966e+14 3.5464152797779330e-01 1.1099833517171529e+01
1.8860780113909109e+14 3.6940808490841803e-01 1.1225157317527961e+01
1.8873418563840250e+14 3.8440889505409254e-01 1.1352272794040804e+01
1.8886057013771394e+14 3.9958912808447611e-01 1.1481059299674083e+01
1.8898695463702538e+14 4.1489417480888097e-01 1.1611399882578130e+01
1.8911333913633681e+14 4.3026965686013097e-01 1.1743182554981697e+01
1.8923972363564822e+14 4.4566141367361795e-01 1.1876300843917344e+01
1.8936610813495966e+14 4.6101553240575005e-01 1.2010653846171204e+01
1.8949249263427109e+14 4.7627846286991071e-01 1.2146146012638985e+01
1.8961887713358253e+14 4.9139722652860701e-01 1.2282686854095989e+01
1.8974526163289394e+14 5.0631969531565002e-01 1.2420190698483035e+01
1.8987164613220538e+14 5.2099489239707286e-01 1.2558576553788804e+01
1.8999803063151681e+14 5.3537326017588460e-01 1.2697768058826224e+01
1.9012441513082825e+14 5.4940685307754900e-01 1.2837693453851664e+01
1.9025079963013969e+14 5.6304943999699320e-01 1.2978285485229588e+01
1.9037718412945109e+14 5.7625653471040639e-01 1.3119481175161583e+01
1.9050356862876253e+14 5.8898540068107996e-01 1.3261221431085664e+01
1.9062995312807397e+14 6.0119508948402622e-01 1.3403450524457970e+01
1.9075633762738541e+14 6.1284656424554995e-01 1.3546115517090998e+01
1.9088272212669681e+14 6.2390293242619255e-01 1.3689165739199270e+01
1.9100910662600825e+14 6.3432977387191614e-01 1.3832552417963051e+01
1.9113549112531969e+14 6.4409551242006591e-01 1.3976228519384367e+01
1.9126187562463112e+14 6.5317175501319646e-01 1.4120148809436987e+01
1.9138826012394256e+14 6.6153352012672995e-01 1.4264270079327677e+01
1.9151464462325397e+14 6.6915929950687458e-01 1.4408551432060190e+01
1.9164102912256541e+14 6.7603093815316662e-01 1.4552954507674643e+01
1.9176741362187684e+14 6.8213336534598246e-01 1.4697443538842165e+01
1.9189379812118828e+14 6.8745424987419068e-01 1.4841985173355681e+01
1.9202018262049969e+14 6.9198367295968666e-01 1.4986548063030810e+01
1.9214656711981112e+14 6.9571390613914175e-01 1.5131102281942528e+01
1.9227295161912256e+14 6.9863935004884770e-01 1.5275618682972533e+01
1.9239933611843400e+14 7.0075664282458960e-01 1.5420068317572854e+01
1.9252572061774541e+14 7.0206489769273739e-01 1.5564422025326998e+01
1.9265210511705684e+14 7.0256599286513643e-01 1.5708650252976579e+01
1.9277848961636828e+14 7.0226482369810661e-01 1.5852723100804727e+01
1.9290487411567972e+14 7.0116944065094289e-01 1.5996610535455035e+01
1.9303125861499112e+14 6.9929103204084275e-01 1.6140282669080307e+01
1.9315764311430256e+14 6.9664375642203558e-01 1.6283709995849403e+01
1.9328402761361400e+14 6.9324447114844845e-01 1.6426863499864549e+01
1.9341041211292544e+14 6.8911242853203802e-01 1.6569714595621214e+01
1.9353679661223688e+14 6.8426901192092338e-01 1.6712234918455358e+01
1.9366318111154828e+14 6.7873756174829403e-01 1.6854396030713758e+01
1.9378956561085972e+14 6.7254330426550524e-01 1.6996169135126284e+01
1.9391595011017116e+14 6.6571335597751757e-01 1.7137524882546103e+01
1.9404233460948259e+14 6.5827674787965318e-01 1.7278433328589418e+01
1.9416871910879400e+14 6.5026440480964043e-01 1.7418864043139177e+01
1.9429510360810544e+14 6.4170902922031370e-01 1.7558786324174989e+01
1.9442148810741688e+14 6.3264487060983587e-01 1.7698169429685976e+01
1.9454787260672831e+14 6.2310740104811024e-01 1.7836982730969982e+01
1.9467425710603975e+14 6.1313295072650664e-01 1.7975195711645032e+01
1.9480064160535116e+14 6.0275837415538791e-01 1.8112777783879931e+01
1.9492702610466259e+14 5.9202081190825473e-01 1.8249697953203029e+01
1.9505341060397403e+14 5.8095758618491322e-01 1.8385924418131303e+01
1.9517979510328547e+14 5.6960622901964064e-01 1.8521424224124864e+01
1.9530617960259688e+14 5.5800437425943439e-01 1.8656162919223402e+01
1.9543256410190831e+14 5.4619042141743368e-01 1.8790104924801465e+01
1.9555894860121975e+14 5.3420350371243241e-01 1.8923214056232307e+01
1.9568533310053119e+14 5.2208301284561476e-01 1.9055453768230944e+01
1.9581171759984259e+14 5.0986864976692914e-01 1.9186788087683176e+01
1.9593810209915403e+14 4.9760007664969697e-01 1.9317182417039845e+01
1.9606448659846547e+14 4.8531646791271643e-01 1.9446604222142312e+01
1.9619087109777691e+14 4.7305603245106193e-01 1.9575023511645664e+01
1.9631725559708831e+14 4.6085558337943200e-01 1.9702413078895056e+01
1.9644364009639975e+14 4.4875021538030174e-01 1.9828748548333241e+01
1.9657002459571119e+14 4.3677311881151526e-01 1.9954008327820823e+01
1.9669640909502262e+14 4.2495552340727499e-01 2.0078173599606590e+01
1.9682279359433406e+14 4.1332673284636112e-01 2.0201228477808083e+01
1.9694917809364547e+14 4.0191419271076451e-01 2.0323160420698308e+01
1.9707556259295691e+14 3.9074353232085524e-01 2.0443960922574728e+01
1.9720194709226834e+14 3.7983853465649392e-01 2.0563626439209287e+01
1.9732833159157978e+14 3.6922101295540533e-01 2.0682159440807737e+01
1.9745471609089119e+14 3.5891060019041271e-01 2.0799569451273111e+01
1.9758110059020262e+14 3.4892448100805384e-01 2.0915873929230177e+01
1.9770748508951406e+14 3.3927710945408707e-01 2.1031098872773747e+01
1.9783386958882550e+14 3.2997995779323530e-01 2.1145279076757443e+01
1.9796025408813694e+14 3.2104133324971823e-01 2.1258458024882167e+01
1.9808663858744834e+14 3.1246628440195767e-01 2.1370687445136717e+01
1.9821302308675978e+14 3.0425660219768436e-01 2.1482026586453195e+01
1.9833940758607122e+14 2.9641090660749653e-01 2.1592541283215709e+01
1.9846579208538266e+14 2.8892480169045620e-01 2.1702302865582929e+01
1.9859217658469406e+14 2.8179108005880482e-01 2.1811386955467963e+01
1.9871856108400550e+14 2.7499996117135961e-01 2.1919872170374486e+01
1.9884494558331694e+14 2.6853935402366053e-01 2.2027838748457832e+01
1.9897133008262838e+14 2.6239514074524894e-01 2.2135367112221338e+01
1.9909771458193978e+14 2.5655148103323139e-01 2.2242536403688526e+01
1.9922409908125122e+14 2.5099113712628962e-01 2.2349423044395163e+01
1.9935048358056266e+14 2.4569581546779143e-01 2.2456099390203530e+01
1.9947686807987409e+14 2.4064651584782154e-01 2.2562632555409486e+01
1.9960325257918550e+14 2.3582387384049028e-01 2.2669083468066734e+01
1.9972963707849694e+14 2.3120847989340829e-01 2.2775506189521277e+01
1.9985602157780838e+14 2.2678115986433081e-01 2.2881947492127093e+01
1.9998240607711981e+14 2.2252320730761924e-01 2.2988446650367550e+01
2.0010879057643125e+14 2.1841656623010205e-01 2.3095035373572905e+01
2.0023517507574266e+14 2.1444397215192038e-01 2.3201737802009184e+01
2.0036155957505409e+14 2.1058906647990269e-01 2.3308570505643953e+01
2.0048794407436553e+14 2.0683650214955773e-01 2.3415542462553432e+01
2.0061432857367697e+14 2.0317205602981697e-01 2.3522655041415717e+01
2.0074071307298838e+14 1.9958275605970913e-01 2.3629902055654604e+01
2.0086709757229981e+14 1.9605702037468795e-01 2.3737269981597752e+01
2.0099348207161125e+14 1.9258479472986986e-01 2.3844738429877392e+01
2.0111986657092269e+14 1.8915766655600108e-01 2.3952280926154792e+01
2.0124625107023412e+14 1.8576893155985832e-01 2.4059866000635115e+01
2.0137263556954553e+14 1.8241359304022295e-01 2.4167458519646232e+01
2.0149902006885697e+14 1.7908828432488594e-01 2.4275021134531126e+01
2.0162540456816841e+14 1.7579111849816886e-01 2.4382515690034282e+01
2.0175178906747984e+14 1.7252148332612879e-01 2.4489904437239169e+01
2.0187817356679125e+14 1.6927980931856901e-01 2.4597150936626058e+01
2.0200455806610269e+14 1.6606734244576385e-01 2.4704220606401538e+01
2.0213094256541412e+14 1.6288594913817853e-01 2.4811080952937907e+01
2.0225732706472556e+14 1.5973797085088981e-01 2.4917701593006175e+01
2.0238371156403697e+14 1.5662613141961160e-01 2.5024054222137391e+01
2.0251009606334841e+14 1.5355348638009364e-01 2.5130112687513577e+01
2.0263648056265984e+14 1.5052339301118595e-01 2.5235853285323589e+01
2.0276286506197128e+14 1.4753947569270057e-01 2.5341255330805595e+01
2.0288924956128269e+14 1.4460556412549974e-01 2.5446301962452424e+01
2.0301563406059412e+14 1.4172559101890433e-01 2.5550981062534216e+01
2.0314201855990556e+14 1.3890344841073371e-01 2.5655286124954575e+01
2.0326840305921700e+14 1.3614281442587581e-01 2.5759216892022657e+01
2.0339478755852844e+14 1.3344697170306957e-01 2.5862779616676441e+01
2.0352117205783984e+14 1.3081864262717155e-01 2.5965986877156151e+01
2.0364755655715128e+14 1.2825986414416612e-01 2.6068856959094511e+01
2.0377394105646272e+14 1.2577191720644648e-01 2.6171412903124804e+01
2.0390032555577416e+14 1.2335531500133032e-01 2.6273681373679842e+01
2.0402671005508556e+14 1.2100984291760662e-01 2.6375691522926477e+01
2.0415309455439700e+14 1.1873463445163517e-01 2.6477473999548998e+01
2.0427947905370844e+14 1.1652826290050133e-01 2.6579060193310386e+01
2.0440586355301988e+14 1.1438882945503762e-01 2.6680481729794511e+01
2.0453224805233131e+14 1.1231403357539520e-01 2.6781770156379604e+01
2.0465863255164272e+14 1.1030121960165137e-01 2.6882956709590918e+01
2.0478501705095416e+14 1.0834740213917356e-01 2.6984072037977572e+01
2.0491140155026559e+14 1.0644927963545857e-01 2.7085145776048670e+01
2.0503778604957703e+14 1.0460324913100147e-01 2.7186205915914840e+01
2.0516417054888844e+14 1.0280543481097022e-01 2.7287277988844451e+01
2.0529055504819988e+14 1.0105173915718002e-01 2.7388384130675139e+01
2.0541693954751131e+14 9.9337919501722605e-02 2.7489542146711560e+01
2.0554332404682275e+14 9.7659686350302560e-02 2.7590764703570979e+01
2.0566970854613416e+14 9.6012814656919437e-02 2.7692058756212816e+01
2.0579609304544559e+14 9.4393256481211441e-02 2.7793425275358292e+01
2.0592247754475703e+14 9.2797243571486512e-02 2.7894859286697795e+01
2.0604886204406847e+14 9.1221371008424548e-02 2.7996350183405021e+01
2.0617524654337988e+14 8.9662657117709793e-02 2.8097882239502272e+01
2.0630163104269131e+14 8.8118579150727031e-02 2.8199435239551370e+01
2.0642801554200275e+14 8.6587087618614444e-02 2.8300985148854593e+01
2.0655440004131419e+14 8.5066603982617478e-02 2.8402504770784347e+01
2.0668078454062562e+14 8.3556006590988191e-02 2.8503964364054092e+01
2.0680716903993703e+14 8.2054608776618618e-02 2.8605332213500073e+01
2.0693355353924847e+14 8.0562131645642646e-02 2.8706575157956699e+01
2.0705993803855991e+14 7.9078673024859256e-02 2.8807659078142859e+01
2.0718632253787134e+14 7.7604673723733406e-02 2.8908549341077013e+01
2.0731270703718275e+14 7.6140882691722353e-02 2.9009211192883761e+01
2.0743909153649419e+14 7.4688323394348208e-02 2.9109610095724925e+01
2.0756547603580562e+14 7.3248264158626120e-02 2.9209712019972528e+01
2.0769186053511706e+14 7.1822194781000201e-02 2.9309483727113843e+01
2.0781824503442850e+14 7.0411810099771210e-02 2.9408893104455402e+01
2.0794462953373991e+14 6.9018998723889960e-02 2.9507909628707516e+01
2.0807101403305134e+14 6.7645832333699848e-02 2.9606505031886073e+01
2.0819739853236278e+14 6.6294548830423086e-02 2.9704654214030064e+01
2.0832378303167422e+14 6.4967521972406780e-02 2.9802336394653079e+01
2.0845016753098562e+14 6.3667211518150288e-02 2.9899536428261101e+01
2.0857655203029706e+14 6.2396091262897801e-02 2.9996246144614759e+01
2.0870293652960850e+14 6.1156557062123508e-02 3.0092465529920894e+01
2.0882932102891994e+14 5.9950821865903649e-02 3.0188203556112455e+01
2.0895570552823134e+14 5.8780808653084084e-02 3.0283478499145730e+01
2.0908209002754278e+14 5.7648053862080134e-02 3.0378317659971128e+01
2.0920847452685422e+14 5.6553632902832475e-02 3.0472756498416715e+01
2.0933485902616566e+14 5.5498115750270090e-02 3.0566837287700995e+01
2.0946124352547706e+14 5.4481555299320805e-02 3.0660607470923832e+01
2.0958762802478850e+14 5.3503505407430464e-02 3.0754117931243965e+01
2.0971401252409994e+14 5.2563060780399552e-02 3.0847421366310169e+01
2.0984039702341138e+14 5.1658908228002259e-02 3.0940570890694570e+01
2.0996678152272281e+14 5.0789378920326422e-02 3.1033618896303917e+01
2.1009316602203422e+14 4.9952493992994451e-02 3.1126616106700322e+01
2.1021955052134566e+14 4.9146000379891655e-02 3.1219610694199122e+01
2.1034593502065709e+14 4.8367398830314406e-02 3.1312647308574704e+01
2.1047231951996853e+14 4.7613970296463644e-02 3.1405765900146282e+01
2.1059870401927994e+14 4.6882809096476262e-02 3.1499000299513408e+01
2.1072508851859138e+14 4.6170870848455926e-02 3.1592376619581945e+01
2.1085147301790281e+14 4.5475040212313515e-02 3.1685911643759226e+01
2.1097785751721425e+14 4.4792218721167919e-02 3.1779611429001385e+01
2.1110424201652569e+14 4.4119427656318710e-02 3.1873470364017777e+01
2.1123062651583709e+14 4.3453916397337443e-02 3.1967470875559538e+01
2.1135701101514853e+14 4.2793264138454780e-02 3.2061583879028333e+01
2.1148339551445997e+14 4.2135462984870142e-02 3.2155769946194802e+01
2.1160978001377138e+14 4.1478973233711788e-02 3.2249981042164166e+01
2.1173616451308281e+14 4.0822746439741715e-02 3.2344162594799769e+01
2.1186254901239425e+14 4.0166217501207024e-02 3.2438255623712742e+01
2.1198893351170569e+14 3.9509272119694502e-02 3.2532198680764417e+01
2.1211531801101712e+14 3.8852199393109993e-02 3.2625929433171848e+01
2.1224170251032856e+14 3.8195640259664695e-02 3.2719385834238622e+01
2.1236808700963997e+14 3.7540540922551768e-02 3.2812506947927730e+01
2.1249447150895141e+14 3.6888116777801204e-02 3.2905233593134184e+01
2.1262085600826284e+14 3.6239827732960958e-02 3.2997509028207951e+01
2.1274724050757425e+14 3.5597361324077224e-02 3.3089279893366083e+01
2.1287362500688569e+14 3.4962616785853995e-02 3.3180497568757637e+01
2.1300000950619712e+14 3.4337681915644652e-02 3.3271120002449443e+01
2.1312639400550856e+14 3.3724795401219455e-02 3.3361113938013624e+01
2.1325277850482000e+14 3.3126289949104971e-02 3.3450457351967373e+01
2.1337916300413141e+14 3.2544515357661931e-02 3.3539141821248904e+01
2.1350554750344284e+14 3.1981744744158769e-02 3.3627174497537503e+01
2.1363193200275428e+14 3.1440070610474866e-02 3.3714579376233011e+01
2.1375831650206572e+14 3.0921299685191389e-02 3.3801397610776284e+01
2.1388470100137712e+14 3.0426856191198261e-02 3.3887686726186764e+01
2.1401108550068856e+14 2.9957702366833133e-02 3.3973518711134616e+01
2.1413747000000000e+14 2.9514283002831848e-02 3.4058977094154393e+01
("port 2","mode 1",1,"port 1",1,"transmission")
(300, 3)
1.7634850470588234e+14 3.6335755514926217e-02 1.9031565630092198e+00
1.7647488920519378e+14 3.6636990134446427e-02 1.9904149785135243e+00
1.7660127370450522e+14 3.6967283088475626e-02 2.0758982300314499e+00
1.7672765820381662e+14 3.7342466334730436e-02 2.1597747332056509e+00
1.7685404270312806e+14 3.7777670469602155e-02 2.2422988102765529e+00
1.7698042720243950e+14 3.8286631777464379e-02 2.3238027350760695e+00
1.7710681170175094e+14 3.8881019881094034e-02 2.4046819574929095e+00
1.7723319620106234e+14 3.9569843992865547e-02 2.4853741510606988e+00
1.7735958070037378e+14 4.0358993428816194e-02 2.5663339143251385e+00
1.7748596519968522e+14 4.1250955330224499e-02 2.6480058789505638e+00
1.7761234969899666e+14 4.2244731499054250e-02 2.7307993415738046e+00
1.7773873419830806e+14 4.3335951598894598e-02 2.8150672201771867e+00
1.7786511869761950e+14 4.4517157436912126e-02 2.9010912464971219e+00
1.7799150319693094e+14 4.5778217341530029e-02 2.9890741293724439e+00
1.7811788769624238e+14 4.7106823016266244e-02 3.0791382961283404e+00
1.7824427219555381e+14 4.8489023153884772e-02 3.1713299968113242e+00
1.7837065669486522e+14 4.9909756054018102e-02 3.2656271476881242e+00
1.7849704119417666e+14 5.1353354330180560e-02 3.3619492636277912e+00
1.7862342569348809e+14 5.2804005744034301e-02 3.4601680672942488e+00
1.7874981019279953e+14 5.4246163452021552e-02 3.5601177301948099e+00
1.7887619469211094e+14 5.5664905695738932e-02 3.6616040850709921e+00
1.7900257919142238e+14 5.7046249185866690e-02 3.7644124817970521e+00
1.7912896369073381e+14 5.8377422525497782e-02 3.8683142106750998e+00
1.7925534819004525e+14 5.9647106548833720e-02 3.9730715864849286e+00
1.7938173268935666e+14 6.0845647939707245e-02 4.0784418874985189e+00
1.7950811718866809e+14 6.1965251350426881e-02 4.1841803945169360e+00
1.7963450168797953e+14 6.3000153738037287e-02 4.2900427934458314e+00
1.7976088618729097e+14 6.3946782925588405e-02 4.3957872048790563e+00
1.7988727068660241e+14 6.4803900542996534e-02 4.5011760949401181e+00
1.8001365518591381e+14 6.5572727510838272e-02 4.6059783082803580e+00
1.8014003968522525e+14 6.6257048079617423e-02 4.7099714478531052e+00
1.8026642418453669e+14 6.6863286111215933e-02 4.8129448047748955e+00
1.8039280868384812e+14 6.7400544812592833e-02 4.9147030102226434e+00
1.8051919318315953e+14 6.7880598607194698e-02 5.0150705324799745e+00
1.8064557768247097e+14 6.8317823482238513e-02 5.1138970669982324e+00
1.8077196218178241e+14 6.8729050369204819e-02 5.2110637569939771e+00
1.8089834668109384e+14 6.9133325477671204e-02 5.3064900312221779e+00
1.8102473118040525e+14 6.9551562757624918e-02 5.4001406564413443e+00
1.8115111567971669e+14 7.0006077637483219e-02 5.4920323901338062e+00
1.8127750017902812e+14 7.0519998575754250e-02 5.5822394174523735e+00
1.8140388467833956e+14 7.1116564040040520e-02 5.6708966169316533e+00
1.8153026917765100e+14 7.1818326750520453e-02 5.7581996858177522e+00
1.8165665367696241e+14 7.2646302762667092e-02 5.8444013262681587e+00
1.8178303817627384e+14 7.3619117466135281e-02 5.9298030757237461e+00
1.8190942267558528e+14 7.4752210411247660e-02 6.0147429297842434e+00
1.8203580717489672e+14 7.6057162838147341e-02 6.0995795576883003e+00
1.8216219167420812e+14 7.7541204057232416e-02 6.1846745008283968e+00
1.8228857617351956e+14 7.9206935894522629e-02 6.2703741176496148e+00
1.8241496067283100e+14 8.1052291234228857e-02 6.3569930871760452e+00
1.8254134517214244e+14 8.3070717934605048e-02 6.4448009940004720e+00
1.8266772967145384e+14 8.5251557990472751e-02 6.5340129738701078e+00
1.8279411417076528e+14 8.7580577449436148e-02 6.6247847489322709e+00
1.8292049867007672e+14 9.0040596781286314e-02 6.7172117810266148e+00
1.8304688316938816e+14 9.2612173472940623e-02 6.8113318336799820e+00
1.8317326766869959e+14 9.5274296373695277e-02 6.9071300059331353e+00
1.8329965216801100e+14 9.8005061987307671e-02 7.0045452696107349e+00
1.8342603666732244e+14 1.0078231400869263e-01 7.1034776535240312e+00
1.8355242116663388e+14 1.0358423718293401e-01 7.2037954090334013e+00
1.8367880566594531e+14 1.0638990410792575e-01 7.3053417051150209e+00
1.8380519016525672e+14 1.0917977868150536e-01 7.4079405988817228e+00
1.8393157466456816e+14 1.1193618272083997e-01 7.5114021891733849e+00
1.8405795916387959e+14 1.1464373326926719e-01 7.6155269806030788e+00
1.8418434366319103e+14 1.1728975769641023e-01 7.7201095665992767e+00
1.8431072816250244e+14 1.1986469226311965e-01 7.8249417899637832e+00
1.8443711266181388e+14 1.2236246762496093e-01 7.9298155664529659e+00
1.8456349716112531e+14 1.2478088193637261e-01 8.0345255677403262e+00
1.8468988166043675e+14 1.2712195885526165e-01 8.1388719594075400e+00
1.8481626615974819e+14 1.2939228384729301e-01 8.2426633792421526e+00
1.8494265065905959e+14 1.3160330776269549e-01 8.3457203204262953e+00
1.8506903515837103e+14 1.3377160177578304e-01 8.4478790501859624e+00
1.8519541965768247e+14 1.3591904263652979e-01 8.5489961424534577e+00
1.8532180415699391e+14 1.3807290218713436e-01 8.6489536277490657e+00
1.8544818865630531e+14 1.4026581092388626e-01 8.7476646606180122e+00
1.8557457315561675e+14 1.4253556303223552e-01 8.8450794741146037e+00
1.8570095765492819e+14 1.4492473107188530e-01 8.9411912386041941e+00
1.8582734215423962e+14 1.4748006375030587e-01 9.0360412855671957e+00
1.8595372665355103e+14 1.5025165121690806e-01 9.1297230253993380e+00
1.8608011115286247e+14 1.5329185958189928e-01 9.2223838212979441e+00
1.8620649565217391e+14 1.5665405922368314e-01 9.3142241223462161e+00
1.8633288015148534e+14 1.6039119753361603e-01 9.4054933408500432e+00
1.8645926465079675e+14 1.6455429197963589e-01 9.4964822877226798e+00
1.8658564915010819e+14 1.6919093855542686e-01 9.5875124202632112e+00
1.8671203364941962e+14 1.7434393877134213e-01 9.6789226310649230e+00
1.8683841814873106e+14 1.8005014205542527e-01 9.7710547097188467e+00
1.8696480264804250e+14 1.8633957960607975e-01 9.8642388391192917e+00
1.8709118714735391e+14 1.9323493375725509e-01 9.9587804837327543e+00
1.8721757164666534e+14 2.0075134990017507e-01 1.0054949789310182e+01
1.8734395614597678e+14 2.0889656300161275e-01 1.0152974205826322e+01
1.8747034064528822e+14 2.1767128371007563e-01 1.0253034569942681e+01
1.8759672514459962e+14 2.2706977331675823e-01 1.0355264444730460e+01
1.8772310964391106e+14 2.3708053281870695e-01 1.0459752189281406e+01
1.8784949414322250e+14 2.4768703697866981e-01 1.0566545052495261e+01
1.8797587864253394e+14 2.5886845625490057e-01 1.0675654546525589e+01
1.8810226314184538e+14 2.7060032429084546e-01 1.0787062422307166e+01
1.8822864764115678e+14 2.8285512346049757e-01 1.0900726698873271e+01
1.8835503214046822e+14 2.9560277390368234e-01 1.1016587349998584e+01
1.8848141663977966e+14 3.0881102167779734e-01 1.1134571397015218e+01
1.8860780113909109e+14 3.2244572896719709e-01 1.1254597278634005e+01
1.8873418563840250e+14 3.3647107406114463e-01 1.1376578460787060e+01
1.8886057013771394e+14 3.5084967158035008e-01 1.1500426312458561e+01
1.8898695463702538e+14 3.6554262477985427e-01 1.1626052311581024e+01
1.8911333913633681e+14 3.8050952219677103e-01 1.1753369664163436e+01
1.8923972363564822e+14 3.9570839084819293e-01 1.1882294425570668e+01
1.8936610813495966e+14 4.1109561790727983e-01 1.2012746210125082e+01
1.8949249263427109e+14 4.2662585247753737e-01 1.2144648567633430e+01
1.8961887713358253e+14 4.4225189884960481e-01 1.2277929095689187e+01
1.8974526163289394e+14 4.5792461249673311e-01 1.2412519346363245e+01
1.8987164613220538e+14 4.7359281003513437e-01 1.2548354576226918e+01
1.8999803063151681e+14 4.8920320439606857e-01 1.2685373380086432e+01
1.9012441513082825e+14 5.0470037645681021e-01 1.2823517241583632e+01
1.9025079963013969e+14 5.2002679426597387e-01 1.2962730027950204e+01
1.9037718412945109e+14 5.3512289067175156e-01 1.3102957451593241e+01
1.9050356862876253e+14 5.4992720951089036e-01 1.3244146517680715e+01
1.9062995312807397e+14 5.6437662943246247e-01 1.3386244974277904e+01
1.9075633762738541e+14 5.7840667281984093e-01 1.3529200779675390e+01
1.9088272212669681e+14 5.9195190505941253e-01 1.3672961600115917e+01
1.9100910662600825e+14 6.0494642655006514e-01 1.3817474350002918e+01
1.9113549112531969e+14 6.1732445635967148e-01 1.3962684785654975e+01
1.9126187562463112e+14 6.2902100238589731e-01 1.4108537162615299e+01
1.9138826012394256e+14 6.3997260840547598e-01 1.4254973965282034e+01
1.9151464462325397e+14 6.5011816371100073e-01 1.4401935716104585e+01
1.9164102912256541e+14 6.5939975641438087e-01 1.4549360869715597e+01
1.9176741362187684e+14 6.6776354727283860e-01 1.4697185795125895e+01
1.9189379812118828e+14 6.7516063742538390e-01 1.4845344846524686e+01
1.9202018262049969e+14 6.8154790106837748e-01 1.4993770520373856e+01
1.9214656711981112e+14 6.8688875315669451e-01 1.5142393693494949e+01
1.9227295161912256e+14 6.9115382291357363e-01 1.5291143933867513e+01
1.9239933611843400e+14 6.9432150636818546e-01 1.5439949873084398e+01
1.9252572061774541e+14 6.9637837526741897e-01 1.5588739627016965e+01
1.9265210511705684e+14 6.9731942532498692e-01 1.5737441249420147e+01
1.9277848961636828e+14 6.9714815352856840e-01 1.5885983202079581e+01
1.9290487411567972e+14 6.9587646166170147e-01 1.6034294824777341e+01
1.9303125861499112e+14 6.9352439078114170e-01 1.6182306788842986e+01
1.9315764311430256e+14 6.9011969857827193e-01 1.6329951519346931e+01
1.9328402761361400e+14 6.8569729784766331e-01 1.6477163572971570e+01
1.9341041211292544e+14 6.8029857928371595e-01 1.6623879961135042e+01
1.9353679661223688e+14 6.7397064525766737e-01 1.6770040410853227e+01
1.9366318111154828e+14 6.6676548297225879e-01 1.6915587558920674e+01
1.9378956561085972e+14 6.5873910547947945e-01 1.7060467078085154e+01
1.9391595011017116e+14 6.4995068763890607e-01 1.7204627736807364e+01
1.9404233460948259e+14 6.4046172144963209e-01 1.7348021396815877e+01
1.9416871910879400e+14 6.3033521162993900e-01 1.7490602954878582e+01
1.9429510360810544e+14 6.1963492818856758e-01 1.7632330236981709e+01
1.9442148810741688e+14 6.0842472836282568e-01 1.7773163854404263e+01
1.9454787260672831e+14 5.9676795598226173e-01 1.7913067032045447e+01
1.9467425710603975e+14 5.8472692229021006e-01 1.8052005419822564e+01
1.9480064160535116e+14 5.7236246868703067e-01 1.8189946898096025e+01
1.9492702610466259e+14 5.5973360885629342e-01 1.8326861387939331e+01
1.9505341060397403e+14 5.4689724534369044e-01 1.8462720676733507e+01
1.9517979510328547e+14 5.3390795387766621e-01 1.8597498269072325e+01
1.9530617960259688e+14 5.2081754987306050e-01 1.8731170900903074e+01
1.9543256410190831e+14 5.0767576157548222e-01 1.8863715410947648e+01
1.9555894860121975e+14 4.9452980094472426e-01 1.8995108325764296e+01
1.9568533310053119e+14 4.8142384419674877e-01 1.9125329264662835e+01
1.9581171759984259e+14 4.6839937860420716e-01 1.9254359492549995e+01
1.9593810209915403e+14 4.5549521674518673e-01 1.9382182092104511e+01
1.9606448659846547e+14 4.4274752122618810e-01 1.9508782207537486e+01
1.9619087109777691e+14 4.3018983371454306e-01 1.9634147360817138e+01
1.9631725559708831e+14 4.1785310308688894e-01 1.9758267838764016e+01
1.9644364009639975e+14 4.0576570853785865e-01 1.9881137146426056e+01
1.9657002459571119e+14 3.9395347458263069e-01 2.0002752518587648e+01
1.9669640909502262e+14 3.8243967601765833e-01 2.0123115477173808e+01
1.9682279359433406e+14 3.7124503206667891e-01 2.0242232417766139e+01
1.9694917809364547e+14 3.6038769012157273e-01 2.0360115203623895e+01
1.9707556259295691e+14 3.4988320066989392e-01 2.0476781740793712e+01
1.9720194709226834e+14 3.3974448615502056e-01 2.0592256503474477e+01
1.9732833159157978e+14 3.2998180759783946e-01 2.0706570975290862e+01
1.9745471609089119e+14 3.2060273376803144e-01 2.0819763970075304e+01
1.9758110059020262e+14 3.1161211846111031e-01 2.0931881795768305e+01
1.9770748508951406e+14 3.0301209194299455e-01 2.1042978227643182e+01
1.9783386958882550e+14 2.9480207279378751e-01 2.1153114262633341e+01
1.9796025408813694e+14 2.8697880615462085e-01 2.1262357635209746e+01
1.9808663858744834e+14 2.7953643371551506e-01 2.1370782086804748e+01
1.9821302308675978e+14 2.7246659966938663e-01 2.1478466394597426e+01
1.9833940758607122e+14 2.6575859533232049e-01 2.1585493180554497e+01
1.9846579208538266e+14 2.5939954327156900e-01 2.1691947536648179e+01
1.9859217658469406e+14 2.5337461971355757e-01 2.1797915515661821e+01
1.9871856108400550e+14 2.4766731187987109e-01 2.1903482547508045e+01
1.9884494558331694e+14 2.4225970489261248e-01 2.2008731847326935e+01
1.9897133008262838e+14 2.3713279116970190e-01 2.2113742883075478e+01
1.9909771458193978e+14 2.3226679393908398e-01 2.2218589966689507e+01
1.9922409908125122e+14 2.2764149573698828e-01 2.2323341024645220e+01
1.9935048358056266e+14 2.2323656256400809e-01 2.2428056591820379e+01
1.9947686807987409e+14 2.1903185473904097e-01 2.2532789058292717e+01
1.9960325257918550e+14 2.1500771634876487e-01 2.2637582183585405e+01
1.9972963707849694e+14 2.1114523643307581e-01 2.2742470878294515e+01
1.9985602157780838e+14 2.0742647654558358e-01 2.2847481240183129e+01
1.9998240607711981e+14 2.0383466094905534e-01 2.2952630821511320e+01
2.0010879057643125e+14 2.0035432732478398e-01 2.3057929097004905e+01
2.0023517507574266e+14 1.9697143739064546e-01 2.3163378097480756e+01
2.0036155957505409e+14 1.9367344816063575e-01 2.3268973172482259e+01
2.0048794407436553e+14 1.9044934569523442e-01 2.3374703845852508e+01
2.0061432857367697e+14 1.8728964406865409e-01 2.3480554730427730e+01
2.0074071307298838e+14 1.8418635292120630e-01 2.3586506471362462e+01
2.0086709757229981e+14 1.8113291739238080e-01 2.3692536691487650e+01
2.0099348207161125e+14 1.7812413447341841e-01 2.3798620916102305e+01
2.0111986657092269e+14 1.7515604991096870e-01 2.3904733458397953e+01
2.0124625107023412e+14 1.7222583977016939e-01 2.4010848250107550e+01
2.0137263556954553e+14 1.6933168065691107e-01 2.4116939604863514e+01
2.0149902006885697e+14 1.6647261243054351e-01 2.4222982904140000e+01
2.0162540456816841e+14 1.6364839702971118e-01 2.4328955197602742e+01
2.0175178906747984e+14 1.6085937679849283e-01 2.4434835711310843e+01
2.0187817356679125e+14 1.5810633544563010e-01 2.4540606258633893e+01
2.0200455806610269e+14 1.5539036449922322e-01 2.4646251550117139e+01
2.0213094256541412e+14 1.5271273783273445e-01 2.4751759399963401e+01
2.0225732706472556e+14 1.5007479653260472e-01 2.4857120828418942e+01
2.0238371156403697e+14 1.4747784604978090e-01 2.4962330061206526e+01
2.0251009606334841e+14 1.4492306722422466e-01 2.5067384429273051e+01
2.0263648056265984e+14 1.4241144239135101e-01 2.5172284174474516e+01
2.0276286506197128e+14 1.3994369737380222e-01 2.5277032169335996e+01
2.0288924956128269e+14 1.3752025973564228e-01 2.5381633561573100e+01
2.0301563406059412e+14 1.3514123323704252e-01 2.5486095356491916e+01
2.0314201855990556e+14 1.3280638798727540e-01 2.5590425952530300e+01
2.0326840305921700e+14 1.3051516536681884e-01 2.5694634646890037e+01
2.0339478755852844e+14 1.2826669639125682e-01 2.5798731129295696e+01
2.0352117205783984e+14 1.2605983183699820e-01 2.5902724982287239e+01
2.0364755655715128e+14 1.2389318215681713e-01 2.6006625206055705e+01
2.0377394105646272e+14 1.2176516499455385e-01 2.6110439784658041e+01
2.0390032555577416e+14 1.1967405797218042e-01 2.6214175308563426e+01
2.0402671005508556e+14 1.1761805437377612e-01 2.6317836665987372e+01
2.0415309455439700e+14 1.1559531938908281e-01 2.6421426812518650e+01
2.0427947905370844e+14 1.1360404470026457e-01 2.6524946625295360e+01
2.0440586355301988e+14 1.1164249938984536e-01 2.6628394844621990e+01
2.0453224805233131e+14 1.0970907540394660e-01 2.6731768102594298e+01
2.0465863255164272e+14 1.0780232610890834e-01 2.6835061035152030e+01
2.0478501705095416e+14 1.0592099681620482e-01 2.6938266471119785e+01
2.0491140155026559e+14 1.0406404650566116e-01 2.7041375689287307e+01
2.0503778604957703e+14 1.0223066033664606e-01 2.7144378732472376e+01
2.0516417054888844e+14 1.0042025288905575e-01 2.7247264765804555e+01
2.0529055504819988e+14 9.8632462410305766e-02 2.7350022465176004e+01
2.0541693954751131e+14 9.6867136652860328e-02 2.7452640420903844e+01
2.0554332404682275e+14 9.5124311162425396e-02 2.7555107541144604e+01
2.0566970854613416e+14 9.3404181114733198e-02 2.7657413439477146e+01
2.0579609304544559e+14 9.1707067994395083e-02 2.7759548791355012e+01
2.0592247754475703e+14 9.0033382559684669e-02 2.7861505644830292e+01
2.0604886204406847e+14 8.8383585638784859e-02 2.7963277672108639e+01
2.0617524654337988e+14 8.6758148354367973e-02 2.8064860350128622e+01
2.0630163104269131e+14 8.5157513371626414e-02 2.8166251060493398e+01
2.0642801554200275e+14 8.3582058709687254e-02 2.8267449101709001e+01
2.0655440004131419e+14 8.2032065547657504e-02 2.8368455609768930e+01
2.0668078454062562e+14 8.0507691295726311e-02 2.8469273386594569e+01
2.0680716903993703e+14 7.9008948993308598e-02 2.8569906639573304e+01
2.0693355353924847e+14 7.7535693845799003e-02 2.8670360639282933e+01
2.0705993803855991e+14 7.6087617427707060e-02 2.8770641306250102e+01
2.0718632253787134e+14 7.4664249773986738e-02 2.8870754741071501e+01
2.0731270703718275e+14 7.3264969265452187e-02 2.8970706715212120e+01
2.0743909153649419e+14 7.1889019902457441e-02 2.9070502142115330e+01
2.0756547603580562e+14 7.0535535267267704e-02 2.9170144549770164e+01
2.0769186053511706e+14 6.9203568213009353e-02 2.9269635576504815e+01
2.0781824503442850e+14 6.7892125097086864e-02 2.9368974511498411e+01
2.0794462953373991e+14 6.6600203208189795e-02 2.9468157900372834e+01
2.0807101403305134e+14 6.5326829923860436e-02 2.9567179234360573e+01
2.0819739853236278e+14 6.4071102082219708e-02 2.9666028739079554e+01
2.0832378303167422e+14 6.2832224055035760e-02 2.9764693276069512e+01
2.0845016753098562e+14 6.1609543066251077e-02 2.9863156367096444e+01
2.0857655203029706e+14 6.0402580403036081e-02 2.9961398347974299e+01
2.0870293652960850e+14 5.9211057308186738e-02 3.0059396655361439e+01
2.0882932102891994e+14 5.8034914514692178e-02 3.0157126246706746e+01
2.0895570552823134e+14 5.6874324577706997e-02 3.0254560150225078e+01
2.0908209002754278e+14 5.5729696369467376e-02 3.0351670138392834e+01
2.0920847452685422e+14 5.4601671323547867e-02 3.0448427514862459e+01
2.0933485902616566e+14 5.3491111243312524e-02 3.0544804000764511e+01
2.0946124352547706e+14 5.2399077723591939e-02 3.0640772701987302e+01
2.0958762802478850e+14 5.1326803474562754e-02 3.0736309134135908e+01
2.0971401252409994e+14 5.0275656082571590e-02 3.0831392276503667e+01
2.0984039702341138e+14 4.9247094994510840e-02 3.0926005620712587e+01
2.0996678152272281e+14 4.8242622768734457e-02 3.1020138174021241e+01
2.1009316602203422e+14 4.7263731892406291e-02 3.1113785372172856e+01
2.1021955052134566e+14 4.6311848715050501e-02 3.1206949852755901e+01
2.1034593502065709e+14 4.5388276278791224e-02 3.1299642038183791e+01
2.1047231951996853e+14 4.4494138020989983e-02 3.1391880478438960e+01
2.1059870401927994e+14 4.3630324464767410e-02 3.1483691908444868e+01
2.1072508851859138e+14 4.2797445074810959e-02 3.1575110983867116e+01
2.1085147301790281e+14 4.1995787419069175e-02 3.1666179672436609e+01
2.1097785751721425e+14 4.1225285624147526e-02 3.1756946295112893e+01
2.1110424201652569e+14 4.0485499834536788e-02 3.1847464231537860e+01
2.1123062651583709e+14 3.9775607986197274e-02 3.1937790325637206e+01
2.1135701101514853e+14 3.9094410698389634e-02 3.2027983047873150e+01
2.1148339551445997e+14 3.8440349505057189e-02 3.2118100488309878e+01
2.1160978001377138e+14 3.7811538027849451e-02 3.2208198267313769e+01
2.1173616451308281e+14 3.7205805085699040e-02 3.2298327456864904e+01
2.1186254901239425e+14 3.6620748188360183e-02 3.2388532604438453e+01
2.1198893351170569e+14 3.6053795416336430e-02 3.2478849943471651e+01
2.1211531801101712e+14 3.5502273377513438e-02 3.2569305860722253e+01
2.1224170251032856e+14 3.4963478767860295e-02 3.2659915673213185e+01
2.1236808700963997e+14 3.4434751048142552e-02 3.2750682748159043e+01
2.1249447150895141e+14 3.3913543865414765e-02 3.2841597980532008e+01
2.1262085600826284e+14 3.3397493069584380e-02 3.2932639626678260e+01
2.1274724050757425e+14 3.2884479467465692e-02 3.3023773480029419e+01
2.1287362500688569e+14 3.2372684783972878e-02 3.3114953367203768e+01
2.1300000950619712e+14 3.1860639629371849e-02 3.3206121939747149e+01
2.1312639400550856e+14 3.1347262575112486e-02 3.3297211737944757e+01
2.1325277850482000e+14 3.0831889699926753e-02 3.3388146507615922e+01
2.1337916300413141e+14 3.0314294170704172e-02 3.3478842757360312e+01
2.1350554750344284e+14 2.9794695566729243e-02 3.3569211550919384e+01
2.1363193200275428e+14 2.9273758745619768e-02 3.3659160535595348e+01
2.1375831650206572e+14 2.8752582096186016e-02 3.3748596211381468e+01
2.1388470100137712e+14 2.8232675045086288e-02 3.3837426444919274e+01
2.1401108550068856e+14 2.7715924703334373e-02 3.3925563225926908e+01
2.1413747000000000e+14 2.7204551583428188e-02 3.4012925649820893e+01
("port 2","mode 1",1,"port 2",1,"transmission")
(300, 3)
1.7634850470588234e+14 1.2833941226831774e-01 -3.0287561212441720e+00
1.7647488920519378e+14 1.3426209341572962e-01 -2.8837520976723501e+00
1.7660127370450522e+14 1.4043473553654703e-01 -2.7075109083804980e+00
1.7672765820381662e+14 1.4550299576663092e-01 -2.5073678816229727e+00
1.7685404270312806e+14 1.4863849451512992e-01 -2.2907516482531087e+00
1.7698042720243950e+14 1.4941740695627762e-01 -2.0640350281399433e+00
1.7710681170175094e+14 1.4771709004712935e-01 -1.8325466460512594e+00
1.7723319620106234e+14 1.4364448621287315e-01 -1.6009213539710965e+00
1.7735958070037378e+14 1.3748982053818376e-01 -1.3734825932491561e+00
1.7748596519968522e+14 1.2969749974680483e-01 -1.1545559465822797e+00
1.7761234969899666e+14 1.2084761761797269e-01 -9.4864192041574014e-01
1.7773873419830806e+14 1.1164073411154679e-01 -7.6030361671023650e-01
1.7786511869761950e+14 1.0287291457440678e-01 -5.9349216716084707e-01
1.7799150319693094e+14 9.5376773320806768e-02 -4.4998488202982917e-01
1.7811788769624238e+14 8.9897306295692689e-02 -3.2708293853495179e-01
1.7824427219555381e+14 8.6900282587512784e-02 -2.1609534667475888e-01
1.7837065669486522e+14 8.6397042767371895e-02 -1.0408618599356467e-01
1.7849704119417666e+14 8.7926252549536663e-02 2.1080350093663325e-02
1.7862342569348809e+14 9.0728324432167495e-02 1.6635637741347503e-01
1.7874981019279953e+14 9.3984334090303254e-02 3.3287857940957771e-01
1.7887619469211094e+14 9.6984545312989459e-02 5.1796294950824395e-01
1.7900257919142238e+14 9.9198157370450998e-02 7.1728893321151355e-01
1.7912896369073381e+14 1.0028094916447210e-01 9.2620987625887763e-01
1.7925534819004525e+14 1.0005862320393968e-01 1.1402735840116200e+00
1.7938173268935666e+14 9.8505801487962633e-02 1.3553080441389709e+00
1.7950811718866809e+14 9.5727705268298408e-02 1.5673377872724461e+00
1.7963450168797953e+14 9.1945460799650061e-02 1.7724894823090842e+00
1.7976088618729097e+14 8.7483150875495866e-02 1.9670045817436708e+00
1.7988727068660241e+14 8.2752282595712795e-02 2.1474910923690516e+00
1.8001365518591381e+14 7.8225833858941635e-02 2.3115643215466410e+00
1.8014003968522525e+14 7.4390521623130493e-02 2.4589263118221103e+00
1.8026642418453669e+14 7.1668537531057036e-02 2.5925419451731795e+00
1.8039280868384812e+14 7.0318719536145810e-02 2.7189710859718064e+00
1.8051919318315953e+14 7.0358838856638836e-02 2.8469143435683795e+00
1.8064557768247097e+14 7.1560201114184777e-02 2.9843816274754884e+00
1.8077196218178241e+14 7.3523267520193711e-02 3.1363351372763661e+00
1.8089834668109384e+14 7.5787923569211546e-02 3.3041372183140161e+00
1.8102473118040525e+14 7.7925050890011477e-02 3.4864325686303190e+00
1.8115111567971669e+14 7.9588806585108210e-02 3.6803770233357591e+00
1.8127750017902812e+14 8.0536677974641896e-02 3.8825490719962792e+00
1.8140388467833956e+14 8.0631464871943892e-02 4.0894343307508905e+00
1.8153026917765100e+14 7.9835512878430423e-02 4.2976124632100055e+00
1.8165665367696241e+14 7.8202368449860116e-02 4.5037992195647139e+00
1.8178303817627384e+14 7.5867548884783864e-02 4.7048608240985121e+00
1.8190942267558528e+14 7.3038003108009411e-02 4.8978924260517793e+00
1.8203580717489672e+14 6.9978199743893812e-02 5.0804432909658264e+00
1.8216219167420812e+14 6.6989237559647807e-02 5.2509512164027123e+00
1.8228857617351956e+14 6.4376686896325419e-02 5.4093627942125755e+00
1.8241496067283100e+14 6.2405389727782076e-02 5.5577187324275741e+00
1.8254134517214244e+14 6.1247680577139148e-02 5.7002571109735412e+00
1.8266772967145384e+14 6.0942826662817244e-02 5.8426365069877750e+00
1.8279411417076528e+14 6.1388578181843428e-02 5.9904294906954085e+00
1.8292049867007672e+14 6.2371426753998947e-02 6.1476629767958135e+00
1.8304688316938816e+14 6.3620609035420828e-02 6.3161399665721438e+00
1.8317326766869959e+14 6.4862327414573651e-02 6.4956218932294441e+00
1.8329965216801100e+14 6.5859074253575497e-02 6.6844473608214559e+00
1.8342603666732244e+14 6.6431585554932199e-02 6.8801592676485406e+00
1.8355242116663388e+14 6.6467859052168038e-02 7.0799474087504395e+00
1.8367880566594531e+14 6.5924567615303367e-02 7.2809010642533831e+00
1.8380519016525672e+14 6.4824497549499219e-02 7.4801420343971783e+00
1.8393157466456816e+14 6.3251651743953474e-02 7.6749204091489469e+00
1.8405795916387959e+14 6.1344049499280649e-02 7.8627482361513357e+00
1.8418434366319103e+14 5.9282981367068686e-02 8.0416339132908625e+00
1.8431072816250244e+14 5.7276558404253747e-02 8.2104489873524038e+00
1.8443711266181388e+14 5.5535422292829095e-02 8.3693802216789912e+00
1.8456349716112531e+14 5.4240701101293649e-02 8.5202846412601474e+00
1.8468988166043675e+14 5.3509470488722996e-02 8.6666528651853536e+00
1.8481626615974819e+14 5.3368838289256662e-02 8.8129727105154032e+00
1.8494265065905959e+14 5.3750386577184540e-02 8.9636421520971226e+00
1.8506903515837103e+14 5.4508443441105670e-02 9.1219316064997091e+00
1.8519541965768247e+14 5.5454029925942727e-02 9.2894556477310601e+00
1.8532180415699391e+14 5.6391088974432152e-02 9.4662306471335871e+00
1.8544818865630531e+14 5.7145187258633955e-02 9.6510752436244118e+00
1.8557457315561675e+14 5.7581632310659311e-02 9.8420704979650342e+00
1.8570095765492819e+14 5.7614486215393695e-02 1.0036923780230984e+01
1.8582734215423962e+14 5.7209276912463379e-02 1.0233207176132490e+01
1.8595372665355103e+14 5.6381695624500225e-02 1.0428506781441339e+01
1.8608011115286247e+14 5.5193542119614705e-02 1.0620538080692581e+01
1.8620649565217391e+14 5.3746219299475172e-02 1.0807280236874583e+01
1.8633288015148534e+14 5.2171330862538112e-02 1.0987169249974944e+01
1.8645926465079675e+14 5.0617517673669170e-02 1.1159361617799265e+01
1.8658564915010819e+14 4.9232913364417263e-02 1.1324025532019315e+01
1.8671203364941962e+14 4.8144002378174636e-02 1.1482540677079678e+01
1.8683841814873106e+14 4.7434293356219515e-02 1.1637438853614540e+01
1.8696480264804250e+14 4.7128790664997575e-02 1.1791978282220754e+01
1.8709118714735391e+14 4.7190217394513234e-02 1.1949436090323561e+01
1.8721757164666534e+14 4.7528941052517239e-02 1.2112393950252388e+01
1.8734395614597678e+14 4.8022846014364948e-02 1.2282297830334665e+01
1.8747034064528822e+14 4.8540182821716647e-02 1.2459388238364630e+01
1.8759672514459962e+14 4.8959388871521112e-02 1.2642901515486079e+01
1.8772310964391106e+14 4.9183080320308298e-02 1.2831375051683429e+01
1.8784949414322250e+14 4.9146192727898962e-02 1.3022934545214971e+01
1.8797587864253394e+14 4.8819508696430682e-02 1.3215516924532078e+01
1.8810226314184538e+14 4.8209865932457199e-02 1.3407036329727852e+01
1.8822864764115678e+14 4.7357847271710184e-02 1.3595524631426301e+01
1.8835503214046822e+14 4.6333163408397250e-02 1.3779281473381063e+01
1.8848141663977966e+14 4.5227474165422311e-02 1.3957058119635384e+01
1.8860780113909109e+14 4.4144225672318696e-02 1.4128273605191039e+01
1.8873418563840250e+14 4.3185438722459821e-02 1.4293219252110532e+01
1.8886057013771394e+14 4.2436472273146009e-02 1.4453160462500035e+01
1.8898695463702538e+14 4.1951428995593495e-02 1.4610229512770324e+01
1.8911333913633681e+14 4.1743140100472739e-02 1.4767063100065446e+01
1.8923972363564822e+14 4.1781222736127416e-02 1.4926266508328789e+01
1.8936610813495966e+14 4.1999114010096456e-02 1.5089893478973996e+01
1.8949249263427109e+14 4.2307672267698701e-02 1.5259121174840130e+01
1.8961887713358253e+14 4.2611070747778243e-02 1.5434182296827590e+01
1.8974526163289394e+14 4.2821127976244037e-02 1.5614494441443405e+01
1.8987164613220538e+14 4.2867970561543359e-02 1.5798879077046205e+01
1.8999803063151681e+14 4.2706607186207099e-02 1.5985784943571080e+01
1.9012441513082825e+14 4.2319914219612911e-02 1.6173477707115396e+01
1.9025079963013969e+14 4.1718743016740251e-02 1.6360195629910411e+01
1.9037718412945109e+14 4.0939677033715212e-02 1.6544290369719626e+01
1.9050356862876253e+14 4.0040669552602090e-02 1.6724375308365623e+01
1.9062995312807397e+14 3.9094561841998728e-02 1.6899493881550264e+01
1.9075633762738541e+14 3.8180467301715426e-02 1.7069297552789575e+01
1.9088272212669681e+14 3.7373359217299354e-02 1.7234190087061368e+01
1.9100910662600825e+14 3.6732975007045511e-02 1.7395365794663018e+01
1.9113549112531969e+14 3.6294103977271640e-02 1.7554672387527912e+01
1.9126187562463112e+14 3.6060812305731361e-02 1.7714286266782260e+01
1.9138826012394256e+14 3.6006491733749327e-02 1.7876280442386797e+01
1.9151464462325397e+14 3.6079813186404165e-02 1.8042227833142451e+01
1.9164102912256541e+14 3.6214712274394878e-02 1.8212962098115025e+01
1.9176741362187684e+14 3.6341597538708116e-02 1.8388532572820868e+01
1.9189379812118828e+14 3.6397364858241348e-02 1.8568307848165887e+01
1.9202018262049969e+14 3.6332905829769981e-02 1.8751151275454699e+01
1.9214656711981112e+14 3.6117822912177334e-02 1.8935607082435979e+01
1.9227295161912256e+14 3.5742623248821846e-02 1.9120068614579910e+01
1.9239933611843400e+14 3.5218782885903820e-02 1.9302927782202438e+01
1.9252572061774541e+14 3.4576945865249439e-02 1.9482719090131354e+01
1.9265210511705684e+14 3.3863334316978848e-02 1.9658272561456723e+01
1.9277848961636828e+14 3.3134340732258821e-02 1.9828878408957639e+01
1.9290487411567972e+14 3.2449377084369770e-02 1.9994443584783184e+01
1.9303125861499112e+14 3.1862460971370701e-02 2.0155592462614646e+01
1.9315764311430256e+14 3.1413691500284682e-02 2.0313647709297683e+01
1.9328402761361400e+14 3.1122412038736509e-02 2.0470446334044365e+01
1.9341041211292544e+14 3.0983953975413474e-02 2.0628008001986839e+01
1.9353679661223688e+14 3.0971040114584118e-02 2.0788147327130599e+01
1.9366318111154828e+14 3.1039454780726838e-02 2.0952153723088202e+01
1.9378956561085972e+14 3.1136282612973694e-02 2.1120624750585058e+01
1.9391595011017116e+14 3.1208581274905365e-02 2.1293463236828892e+01
1.9404233460948259e+14 3.1210803625958957e-02 2.1469989651510950e+01
1.9416871910879400e+14 3.1110112360007082e-02 2.1649106050622798e+01
1.9429510360810544e+14 3.0889428563262690e-02 2.1829465508804759e+01
1.9442148810741688e+14 3.0548421848970837e-02 2.2009627683476506e+01
1.9454787260672831e+14 3.0102732009439456e-02 2.2188201136709704e+01
1.9467425710603975e+14 2.9581647479017356e-02 2.2363981233612815e+01
1.9480064160535116e+14 2.9024383168739513e-02 2.2536089154138192e+01
1.9492702610466259e+14 2.8475100998620540e-02 2.2704104571279533e+01
1.9505341060397403e+14 2.7976974676541488e-02 2.2868165736796655e+01
1.9517979510328547e+14 2.7565930703145079e-02 2.3028995229713829e+01
1.9530617960259688e+14 2.7268172000118083e-02 2.3187500031956045e+01
1.9543256410190831e+14 2.7086304724518839e-02 2.3345133653591475e+01
1.9555894860121975e+14 2.7005162894673352e-02 2.3503738090961882e+01
1.9568533310053119e+14 2.6999437538133334e-02 2.3664579971223780e+01
1.9581171759984259e+14 2.7034289460005814e-02 2.3828430401404564e+01
1.9593810209915403e+14 2.7071548614618930e-02 2.3995484146629341e+01
1.9606448659846547e+14 2.7075775013874634e-02 2.4165394571219441e+01
1.9619087109777691e+14 2.7019204183140352e-02 2.4337384492111582e+01
1.9631725559708831e+14 2.6885100969671644e-02 2.4510391072500742e+01
1.9644364009639975e+14 2.6669422024734612e-02 2.4683217678144175e+01
1.9657002459571119e+14 2.6380869756716514e-02 2.4854682385081510e+01
1.9669640909502262e+14 2.6039462073116488e-02 2.5023762462020755e+01
1.9682279359433406e+14 2.5673739460056934e-02 2.5189733691506511e+01
1.9694917809364547e+14 2.5316777210074894e-02 2.5352293806981962e+01
1.9707556259295691e+14 2.5001330233229924e-02 2.5511645144231622e+01
1.9720194709226834e+14 2.4754712466214763e-02 2.5668501979199657e+01
1.9732833159157978e+14 2.4594301121405659e-02 2.5823994811638606e+01
1.9745471609089119e+14 2.4524660787665766e-02 2.5979473069598509e+01
1.9758110059020262e+14 2.4537025196573917e-02 2.6136248953481243e+01
1.9770748508951406e+14 2.4611270362764379e-02 2.6295353156486364e+01
1.9783386958882550e+14 2.4719825455051036e-02 2.6457367663447997e+01
1.9796025408813694e+14 2.4832532392267192e-02 2.6622365890867300e+01
1.9808663858744834e+14 2.4921434519751814e-02 2.6789950503953836e+01
1.9821302308675978e+14 2.4964744900379952e-02 2.6959356335169083e+01
1.9833940758607122e+14 2.4949595775148676e-02 2.7129584531147703e+01
1.9846579208538266e+14 2.4873438362392312e-02 2.7299545292648098e+01
1.9859217658469406e+14 2.4744100354008296e-02 2.7468198907613115e+01
1.9871856108400550e+14 2.4578557020485815e-02 2.7634691117574626e+01
1.9884494558331694e+14 2.4400503108188774e-02 2.7798477089871405e+01
1.9897133008262838e+14 2.4236895106599432e-02 2.7959420059243072e+01
1.9909771458193978e+14 2.4113805129181719e-02 2.8117841196905520e+01
1.9922409908125122e+14 2.4052166563230552e-02 2.8274494720024350e+01
1.9935048358056266e+14 2.4064194635122355e-02 2.8430454561523639e+01
1.9947686807987409e+14 2.4151277963314451e-02 2.8586926331918590e+01
1.9960325257918550e+14 2.4303858469250966e-02 2.8745028427512526e+01
1.9972963707849694e+14 2.4503308937950202e-02 2.8905600058777928e+01
1.9985602157780838e+14 2.4725300921223631e-02 2.9069081820838125e+01
1.9998240607711981e+14 2.4943859384938080e-02 2.9235484621671283e+01
2.0010879057643125e+14 2.5135302991347714e-02 2.9404434062740091e+01
2.0023517507574266e+14 2.5281479446263907e-02 2.9575263064425251e+01
2.0036155957505409e+14 2.5371969972903877e-02 2.9747126406501973e+01
2.0048794407436553e+14 2.5405146140783662e-02 2.9919119580838849e+01
2.0061432857367697e+14 2.5388085214636733e-02 3.0090393081660331e+01
2.0074071307298838e+14 2.5335412395299666e-02 3.0260257539791109e+01
2.0086709757229981e+14 2.5267186523498741e-02 3.0428274061580463e+01
2.0099348207161125e+14 2.5206021895328085e-02 3.0594319510219378e+01
2.0111986657092269e+14 2.5173760806623958e-02 3.0758612014581846e+01
2.0124625107023412e+14 2.5188157240436056e-02 3.0921682564001777e+01
2.0137263556954553e+14 2.5260135238367201e-02 3.1084287749686677e+01
2.0149902006885697e+14 2.5392160763673982e-02 3.1247275425349684e+01
2.0162540456816841e+14 2.5578067014134273e-02 3.1411431974365122e+01
2.0175178906747984e+14 2.5804344244755542e-02 3.1577347291107269e+01
2.0187817356679125e+14 2.6052571109276484e-02 3.1745326754152988e+01
2.0200455806610269e+14 2.6302454203874177e-02 3.1915362579596344e+01
2.0213094256541412e+14 2.6534908590754924e-02 3.2087159535424227e+01
2.0225732706472556e+14 2.6734715313635707e-02 3.2260199634247158e+01
2.0238371156403697e+14 2.6892449229703713e-02 3.2433828606608621e+01
2.0251009606334841e+14 2.7005513688865220e-02 3.2607350454718933e+01
2.0263648056265984e+14 2.7078221719272249e-02 3.2780120824906938e+01
2.0276286506197128e+14 2.7120937049664270e-02 3.2951632367362002e+01
2.0288924956128269e+14 2.7148359822234420e-02 3.3121584893905705e+01
2.0301563406059412e+14 2.7177135059224422e-02 3.3289931148308760e+01
2.0314201855990556e+14 2.7223080912211275e-02 3.3456887871080781e+01
2.0326840305921700e+14 2.7298452603188129e-02 3.3622904401423341e+01
2.0339478755852844e+14 2.7409724066480248e-02 3.3788588767593147e+01
2.0352117205783984e+14 2.7556326801188434e-02 3.3954602436306295e+01
2.0364755655715128e+14 2.7730613645854472e-02 3.4121544844528053e+01
2.0377394105646272e+14 2.7919054808652012e-02 3.4289852258727613e+01
2.0390032555577416e+14 2.8104413310453592e-02 3.4459730422229086e+01
2.0402671005508556e+14 2.8268474300519368e-02 3.4631129711999940e+01
2.0415309455439700e+14 2.8394855664863335e-02 3.4803760603392988e+01
2.0427947905370844e+14 2.8471485190997577e-02 3.4977140435124284e+01
2.0440586355301988e+14 2.8492439724565482e-02 3.5150660783823390e+01
2.0453224805233131e+14 2.8458955717810354e-02 3.5323666445814510e+01
2.0465863255164272e+14 2.8379514276720166e-02 3.5495539384121024e+01
2.0478501705095416e+14 2.8268979116662766e-02 3.5665781878858233e+01
2.0491140155026559e+14 2.8146841034580570e-02 3.5834091627770412e+01
2.0503778604957703e+14 2.8034718943848711e-02 3.6000418318877500e+01
2.0516417054888844e+14 2.7953394121876134e-02 3.6164988452653468e+01
2.0529055504819988e+14 2.7919792369388515e-02 3.6328286170849765e+01
2.0541693954751131e+14 2.7944426237334129e-02 3.6490985121159682e+01
2.0554332404682275e+14 2.8029798770574731e-02 3.6653839348460011e+01
2.0566970854613416e+14 2.8170111240876854e-02 3.6817554850245649e+01
2.0579609304544559e+14 2.8352339031808126e-02 3.6982670643290248e+01
2.0592247754475703e+14 2.8558439173051869e-02 3.7149474735281999e+01
2.0604886204406847e+14 2.8768240610427646e-02 3.7317968341922750e+01
2.0617524654337988e+14 2.8962502234394824e-02 3.7487877717504773e+01
2.0630163104269131e+14 2.9125685873956780e-02 3.7658703358717204e+01
2.0642801554200275e+14 2.9248117081572874e-02 3.7829793335529438e+01
2.0655440004131419e+14 2.9327332045442273e-02 3.8000429364438638e+01
2.0668078454062562e+14 2.9368502242126657e-02 3.8169917592574649e+01
2.0680716903993703e+14 2.9383892182397606e-02 3.8337678046969685e+01
2.0693355353924847e+14 2.9391364930880143e-02 3.8503325984581984e+01
2.0705993803855991e+14 2.9412035516529541e-02 3.8666735379768532e+01
2.0718632253787134e+14 2.9467301712628662e-02 3.8828071652922389e+01
2.0731270703718275e+14 2.9575642186383838e-02 3.8987780834367904e+01
2.0743909153649419e+14 2.9749710790020836e-02 3.9146528647177306e+01
2.0756547603580562e+14 2.9994293816899064e-02 3.9305095531171517e+01
2.0769186053511706e+14 3.0305573770786194e-02 3.9464247913019790e+01
2.0781824503442850e+14 3.0671867999863135e-02 3.9624614763018698e+01
2.0794462953373991e+14 3.1075675484436589e-02 3.9786596569018407e+01
2.0807101403305134e+14 3.1496595485164050e-02 3.9950322432444260e+01
2.0819739853236278e+14 3.1914560692119856e-02 4.0115656459897565e+01
2.0832378303167422e+14 3.2312856512097123e-02 4.0282243729698877e+01
2.0845016753098562e+14 3.2680518454866497e-02 4.0449581772719064e+01
2.0857655203029706e+14 3.3013842815538409e-02 4.0617104423947140e+01
2.0870293652960850e+14 3.3316871064740419e-02 4.0784267857847929e+01
2.0882932102891994e+14 3.3600809816620870e-02 4.0950630856850417e+01
2.0895570552823134e+14 3.3882442930911458e-02 4.1115921730178108e+01
2.0908209002754278e+14 3.4181701065676959e-02 4.1280083371212982e+01
2.0920847452685422e+14 3.4518683724199709e-02 4.1443287563459734e+01
2.0933485902616566e+14 3.4910559803934080e-02 4.1605912045896225e+01
2.0946124352547706e+14 3.5368857835611417e-02 4.1768480246883009e+01
2.0958762802478850e+14 3.5897641050333204e-02 4.1931572837864856e+01
2.0971401252409994e+14 3.6492916327089168e-02 4.2095728692876925e+01
2.0984039702341138e+14 3.7143376946635914e-02 4.2261356232494428e+01
2.0996678152272281e+14 3.7832305589735417e-02 4.2428672568078369e+01
2.1009316602203422e+14 3.8540255469983929e-02 4.2597679193497342e+01
2.1021955052134566e+14 3.9248035722646159e-02 4.2768173429335022e+01
2.1034593502065709e+14 3.9939547454797532e-02 4.2939788140321411e+01
2.1047231951996853e+14 4.0604105784457778e-02 4.3112049728024793e+01
2.1059870401927994e+14 4.1237992131380019e-02 4.3284445045435525e+01
2.1072508851859138e+14 4.1845080422337630e-02 4.3456489719183153e+01
2.1085147301790281e+14 4.2436466310780491e-02 4.3627791753790959e+01
2.1097785751721425e+14 4.3029113176478076e-02 4.3798104551966389e+01
2.1110424201652569e+14 4.3643629905352983e-02 4.3967362985897758e+01
2.1123062651583709e+14 4.4301420196421845e-02 4.4135696059176553e+01
2.1135701101514853e+14 4.5021576305321831e-02 4.4303411408717039e+01
2.1148339551445997e+14 4.5817992103934543e-02 4.4470951209003736e+01
2.1160978001377138e+14 4.6697190246703671e-02 4.4638825327142719e+01
2.1173616451308281e+14 4.7657261741520747e-02 4.4807533638531382e+01
2.1186254901239425e+14 4.8688112512301485e-02 4.4977492504472636e+01
2.1198893351170569e+14 4.9772957750690044e-02 4.5148978957925486e+01
2.1211531801101712e+14 5.0890779689380009e-02 4.5322100827307253e+01
2.1224170251032856e+14 5.2019328003923428e-02 4.5496794320524401e+01
2.1236808700963997e+14 5.3138210605576386e-02 4.5672845129188453e+01
2.1249447150895141e+14 5.4231672350779296e-02 4.5849926288903951e+01
2.1262085600826284e+14 5.5290749876746800e-02 4.6027645685821696e+01
2.1274724050757425e+14 5.6314589089338042e-02 4.6205597144760944e+01
2.1287362500688569e+14 5.7310802638257045e-02 4.6383410294600282e+01
2.1300000950619712e+14 5.8294829509108095e-02 4.6560795159378692e+01
2.1312639400550856e+14 5.9288347313591325e-02 4.6737577555700888e+01
2.1325277850482000e+14 6.0316887794233290e-02 4.6913721294532209e+01
2.1337916300413141e+14 6.1406914949261711e-02 4.7089333583954897e+01
2.1350554750344284e+14 6.2582725586563956e-02 4.7264651556082029e+01
2.1363193200275428e+14 6.3863593986348749e-02 4.7440010694645629e+01
2.1375831650206572e+14 6.5261574059278779e-02 4.7615799579737690e+01
2.1388470100137712e+14 6.6780277536917287e-02 4.7792408589263921e+01
2.1401108550068856e+14 6.8414777722386272e-02 4.7970181677828393e+01
2.1413747000000000e+14 7.0152586314119317e-02 4.8149379391375753e+01
